(kicad_pcb (version 20171130) (host pcbnew 5.1.2)

  (general
    (thickness 1.6)
    (drawings 4)
    (tracks 132)
    (zones 0)
    (modules 22)
    (nets 16)
  )

  (page A4)
  (layers
    (0 F.Cu signal)
    (31 B.Cu signal)
    (32 B.Adhes user)
    (33 F.Adhes user)
    (34 B.Paste user)
    (35 F.Paste user)
    (36 B.SilkS user)
    (37 F.SilkS user)
    (38 B.Mask user)
    (39 F.Mask user)
    (40 Dwgs.User user)
    (41 Cmts.User user)
    (42 Eco1.User user)
    (43 Eco2.User user)
    (44 Edge.Cuts user)
    (45 Margin user)
    (46 B.CrtYd user)
    (47 F.CrtYd user)
    (48 B.Fab user)
    (49 F.Fab user)
  )

  (setup
    (last_trace_width 0.25)
    (trace_clearance 0.2)
    (zone_clearance 0.508)
    (zone_45_only no)
    (trace_min 0.2)
    (via_size 0.8)
    (via_drill 0.4)
    (via_min_size 0.4)
    (via_min_drill 0.3)
    (uvia_size 0.3)
    (uvia_drill 0.1)
    (uvias_allowed no)
    (uvia_min_size 0.2)
    (uvia_min_drill 0.1)
    (edge_width 0.05)
    (segment_width 0.2)
    (pcb_text_width 0.3)
    (pcb_text_size 1.5 1.5)
    (mod_edge_width 0.12)
    (mod_text_size 1 1)
    (mod_text_width 0.15)
    (pad_size 1.524 1.524)
    (pad_drill 0.762)
    (pad_to_mask_clearance 0.051)
    (solder_mask_min_width 0.25)
    (aux_axis_origin 0 0)
    (visible_elements FFFFFF7F)
    (pcbplotparams
      (layerselection 0x010fc_ffffffff)
      (usegerberextensions false)
      (usegerberattributes false)
      (usegerberadvancedattributes false)
      (creategerberjobfile false)
      (excludeedgelayer true)
      (linewidth 0.100000)
      (plotframeref false)
      (viasonmask false)
      (mode 1)
      (useauxorigin false)
      (hpglpennumber 1)
      (hpglpenspeed 20)
      (hpglpendiameter 15.000000)
      (psnegative false)
      (psa4output false)
      (plotreference true)
      (plotvalue true)
      (plotinvisibletext false)
      (padsonsilk false)
      (subtractmaskfromsilk false)
      (outputformat 1)
      (mirror false)
      (drillshape 1)
      (scaleselection 1)
      (outputdirectory ""))
  )

  (net 0 "")
  (net 1 +5V)
  (net 2 GND)
  (net 3 /BTN)
  (net 4 "Net-(U1-Pad3)")
  (net 5 "Net-(U1-Pad1)")
  (net 6 "Net-(U2-Pad1)")
  (net 7 "Net-(U2-Pad3)")
  (net 8 "Net-(U3-Pad3)")
  (net 9 "Net-(U3-Pad1)")
  (net 10 "Net-(U4-Pad1)")
  (net 11 "Net-(U4-Pad3)")
  (net 12 /UP)
  (net 13 /RIGHT)
  (net 14 /DOWN)
  (net 15 /LEFT)

  (net_class Default "This is the default net class."
    (clearance 0.2)
    (trace_width 0.25)
    (via_dia 0.8)
    (via_drill 0.4)
    (uvia_dia 0.3)
    (uvia_drill 0.1)
    (add_net +5V)
    (add_net /BTN)
    (add_net /DOWN)
    (add_net /LEFT)
    (add_net /RIGHT)
    (add_net /UP)
    (add_net GND)
    (add_net "Net-(U1-Pad1)")
    (add_net "Net-(U1-Pad3)")
    (add_net "Net-(U2-Pad1)")
    (add_net "Net-(U2-Pad3)")
    (add_net "Net-(U3-Pad1)")
    (add_net "Net-(U3-Pad3)")
    (add_net "Net-(U4-Pad1)")
    (add_net "Net-(U4-Pad3)")
  )

  (module TestPoint:TestPoint_THTPad_D1.0mm_Drill0.5mm (layer F.Cu) (tedit 5A0F774F) (tstamp 5D3787B9)
    (at 143.51 90.805)
    (descr "THT pad as test Point, diameter 1.0mm, hole diameter 0.5mm")
    (tags "test point THT pad")
    (path /5D38C1BA)
    (attr virtual)
    (fp_text reference J4 (at -3.81 -1.448) (layer F.SilkS)
      (effects (font (size 1 1) (thickness 0.15)))
    )
    (fp_text value Conn_01x01_Female (at 10.795 -6.35) (layer F.Fab)
      (effects (font (size 1 1) (thickness 0.15)))
    )
    (fp_text user %R (at -4.445 -3.175) (layer F.Fab)
      (effects (font (size 1 1) (thickness 0.15)))
    )
    (fp_circle (center 0 0) (end 1 0) (layer F.CrtYd) (width 0.05))
    (fp_circle (center 0 0) (end 0 0.7) (layer F.SilkS) (width 0.12))
    (pad 1 thru_hole circle (at 0 0) (size 1 1) (drill 0.5) (layers *.Cu *.Mask)
      (net 14 /DOWN))
  )

  (module folivora:SMINI-5DE (layer F.Cu) (tedit 5D35C925) (tstamp 5D378A58)
    (at 137.16 80.01)
    (path /5D35C0DC)
    (fp_text reference U1 (at 5.08 0 90) (layer F.SilkS)
      (effects (font (size 1 1) (thickness 0.15)))
    )
    (fp_text value AN48841B (at 6.985 1.27 90) (layer F.Fab)
      (effects (font (size 1 1) (thickness 0.15)))
    )
    (fp_line (start -0.889 -0.635) (end 1.016 -0.635) (layer F.SilkS) (width 0.15))
    (fp_line (start -0.889 0.635) (end -0.889 -0.635) (layer F.SilkS) (width 0.15))
    (fp_line (start 1.016 0.635) (end -0.889 0.635) (layer F.SilkS) (width 0.15))
    (fp_line (start 1.016 -0.635) (end 1.016 0.635) (layer F.SilkS) (width 0.15))
    (pad 5 smd rect (at 0.65 -0.975) (size 0.3 0.5) (layers F.Cu F.Paste F.Mask)
      (net 12 /UP))
    (pad 4 smd rect (at -0.65 -0.975) (size 0.3 0.5) (layers F.Cu F.Paste F.Mask)
      (net 1 +5V))
    (pad 3 smd rect (at -0.65 0.975) (size 0.3 0.5) (layers F.Cu F.Paste F.Mask)
      (net 4 "Net-(U1-Pad3)"))
    (pad 2 smd rect (at 0 0.975) (size 0.3 0.5) (layers F.Cu F.Paste F.Mask)
      (net 2 GND))
    (pad 1 smd rect (at 0.65 0.975) (size 0.3 0.5) (layers F.Cu F.Paste F.Mask)
      (net 5 "Net-(U1-Pad1)"))
  )

  (module folivora:SMINI-5DE (layer F.Cu) (tedit 5D35C925) (tstamp 5D378737)
    (at 147.32 90.17 180)
    (path /5D35E7FC)
    (fp_text reference U3 (at 3.175 -6.35 90) (layer F.SilkS)
      (effects (font (size 1 1) (thickness 0.15)))
    )
    (fp_text value AN48841B (at -6.35 -2.54 90) (layer F.Fab)
      (effects (font (size 1 1) (thickness 0.15)))
    )
    (fp_line (start -0.889 -0.635) (end 1.016 -0.635) (layer F.SilkS) (width 0.15))
    (fp_line (start -0.889 0.635) (end -0.889 -0.635) (layer F.SilkS) (width 0.15))
    (fp_line (start 1.016 0.635) (end -0.889 0.635) (layer F.SilkS) (width 0.15))
    (fp_line (start 1.016 -0.635) (end 1.016 0.635) (layer F.SilkS) (width 0.15))
    (pad 5 smd rect (at 0.65 -0.975 180) (size 0.3 0.5) (layers F.Cu F.Paste F.Mask)
      (net 14 /DOWN))
    (pad 4 smd rect (at -0.65 -0.975 180) (size 0.3 0.5) (layers F.Cu F.Paste F.Mask)
      (net 1 +5V))
    (pad 3 smd rect (at -0.65 0.975 180) (size 0.3 0.5) (layers F.Cu F.Paste F.Mask)
      (net 8 "Net-(U3-Pad3)"))
    (pad 2 smd rect (at 0 0.975 180) (size 0.3 0.5) (layers F.Cu F.Paste F.Mask)
      (net 2 GND))
    (pad 1 smd rect (at 0.65 0.975 180) (size 0.3 0.5) (layers F.Cu F.Paste F.Mask)
      (net 9 "Net-(U3-Pad1)"))
  )

  (module folivora:SMINI-5DE (layer F.Cu) (tedit 5D35C925) (tstamp 5D378713)
    (at 147.32 80.01 270)
    (path /5D35D74C)
    (fp_text reference U2 (at 0 -3.81 90) (layer F.SilkS)
      (effects (font (size 1 1) (thickness 0.15)))
    )
    (fp_text value AN48841B (at 0 -2.54 90) (layer F.Fab)
      (effects (font (size 1 1) (thickness 0.15)))
    )
    (fp_line (start 1.016 -0.635) (end 1.016 0.635) (layer F.SilkS) (width 0.15))
    (fp_line (start 1.016 0.635) (end -0.889 0.635) (layer F.SilkS) (width 0.15))
    (fp_line (start -0.889 0.635) (end -0.889 -0.635) (layer F.SilkS) (width 0.15))
    (fp_line (start -0.889 -0.635) (end 1.016 -0.635) (layer F.SilkS) (width 0.15))
    (pad 1 smd rect (at 0.65 0.975 270) (size 0.3 0.5) (layers F.Cu F.Paste F.Mask)
      (net 6 "Net-(U2-Pad1)"))
    (pad 2 smd rect (at 0 0.975 270) (size 0.3 0.5) (layers F.Cu F.Paste F.Mask)
      (net 2 GND))
    (pad 3 smd rect (at -0.65 0.975 270) (size 0.3 0.5) (layers F.Cu F.Paste F.Mask)
      (net 7 "Net-(U2-Pad3)"))
    (pad 4 smd rect (at -0.65 -0.975 270) (size 0.3 0.5) (layers F.Cu F.Paste F.Mask)
      (net 1 +5V))
    (pad 5 smd rect (at 0.65 -0.975 270) (size 0.3 0.5) (layers F.Cu F.Paste F.Mask)
      (net 13 /RIGHT))
  )

  (module Capacitor_SMD:C_0603_1608Metric (layer F.Cu) (tedit 5B301BBE) (tstamp 5D3786DB)
    (at 135.255 80.01 270)
    (descr "Capacitor SMD 0603 (1608 Metric), square (rectangular) end terminal, IPC_7351 nominal, (Body size source: http://www.tortai-tech.com/upload/download/2011102023233369053.pdf), generated with kicad-footprint-generator")
    (tags capacitor)
    (path /5D3692AC)
    (attr smd)
    (fp_text reference C3 (at 0 -8.89 90) (layer F.SilkS)
      (effects (font (size 1 1) (thickness 0.15)))
    )
    (fp_text value 0.1uF (at 6.35 -1.905 90) (layer F.Fab)
      (effects (font (size 1 1) (thickness 0.15)))
    )
    (fp_text user %R (at 1.905 -2.54 90) (layer F.Fab)
      (effects (font (size 0.4 0.4) (thickness 0.06)))
    )
    (fp_line (start 1.48 0.73) (end -1.48 0.73) (layer F.CrtYd) (width 0.05))
    (fp_line (start 1.48 -0.73) (end 1.48 0.73) (layer F.CrtYd) (width 0.05))
    (fp_line (start -1.48 -0.73) (end 1.48 -0.73) (layer F.CrtYd) (width 0.05))
    (fp_line (start -1.48 0.73) (end -1.48 -0.73) (layer F.CrtYd) (width 0.05))
    (fp_line (start -0.162779 0.51) (end 0.162779 0.51) (layer F.SilkS) (width 0.12))
    (fp_line (start -0.162779 -0.51) (end 0.162779 -0.51) (layer F.SilkS) (width 0.12))
    (fp_line (start 0.8 0.4) (end -0.8 0.4) (layer F.Fab) (width 0.1))
    (fp_line (start 0.8 -0.4) (end 0.8 0.4) (layer F.Fab) (width 0.1))
    (fp_line (start -0.8 -0.4) (end 0.8 -0.4) (layer F.Fab) (width 0.1))
    (fp_line (start -0.8 0.4) (end -0.8 -0.4) (layer F.Fab) (width 0.1))
    (pad 2 smd roundrect (at 0.7875 0 270) (size 0.875 0.95) (layers F.Cu F.Paste F.Mask) (roundrect_rratio 0.25)
      (net 2 GND))
    (pad 1 smd roundrect (at -0.7875 0 270) (size 0.875 0.95) (layers F.Cu F.Paste F.Mask) (roundrect_rratio 0.25)
      (net 1 +5V))
    (model ${KISYS3DMOD}/Capacitor_SMD.3dshapes/C_0603_1608Metric.wrl
      (at (xyz 0 0 0))
      (scale (xyz 1 1 1))
      (rotate (xyz 0 0 0))
    )
  )

  (module TestPoint:TestPoint_THTPad_D1.0mm_Drill0.5mm (layer F.Cu) (tedit 5A0F774F) (tstamp 5D3786A8)
    (at 136.525 85.725)
    (descr "THT pad as test Point, diameter 1.0mm, hole diameter 0.5mm")
    (tags "test point THT pad")
    (path /5D386BCE)
    (attr virtual)
    (fp_text reference J7 (at 0 -1.448) (layer F.SilkS)
      (effects (font (size 1 1) (thickness 0.15)))
    )
    (fp_text value Conn_01x01_Female (at 15.24 0.635) (layer F.Fab)
      (effects (font (size 1 1) (thickness 0.15)))
    )
    (fp_circle (center 0 0) (end 0 0.7) (layer F.SilkS) (width 0.12))
    (fp_circle (center 0 0) (end 1 0) (layer F.CrtYd) (width 0.05))
    (fp_text user %R (at 0 -1.45) (layer F.Fab)
      (effects (font (size 1 1) (thickness 0.15)))
    )
    (pad 1 thru_hole circle (at 0 0) (size 1 1) (drill 0.5) (layers *.Cu *.Mask)
      (net 2 GND))
  )

  (module Capacitor_SMD:C_0603_1608Metric (layer F.Cu) (tedit 5B301BBE) (tstamp 5D378669)
    (at 147.32 78.105 180)
    (descr "Capacitor SMD 0603 (1608 Metric), square (rectangular) end terminal, IPC_7351 nominal, (Body size source: http://www.tortai-tech.com/upload/download/2011102023233369053.pdf), generated with kicad-footprint-generator")
    (tags capacitor)
    (path /5D3692CC)
    (attr smd)
    (fp_text reference C1 (at 0 -1.43) (layer F.SilkS)
      (effects (font (size 1 1) (thickness 0.15)))
    )
    (fp_text value 0.1uF (at 0 1.43) (layer F.Fab)
      (effects (font (size 1 1) (thickness 0.15)))
    )
    (fp_line (start -0.8 0.4) (end -0.8 -0.4) (layer F.Fab) (width 0.1))
    (fp_line (start -0.8 -0.4) (end 0.8 -0.4) (layer F.Fab) (width 0.1))
    (fp_line (start 0.8 -0.4) (end 0.8 0.4) (layer F.Fab) (width 0.1))
    (fp_line (start 0.8 0.4) (end -0.8 0.4) (layer F.Fab) (width 0.1))
    (fp_line (start -0.162779 -0.51) (end 0.162779 -0.51) (layer F.SilkS) (width 0.12))
    (fp_line (start -0.162779 0.51) (end 0.162779 0.51) (layer F.SilkS) (width 0.12))
    (fp_line (start -1.48 0.73) (end -1.48 -0.73) (layer F.CrtYd) (width 0.05))
    (fp_line (start -1.48 -0.73) (end 1.48 -0.73) (layer F.CrtYd) (width 0.05))
    (fp_line (start 1.48 -0.73) (end 1.48 0.73) (layer F.CrtYd) (width 0.05))
    (fp_line (start 1.48 0.73) (end -1.48 0.73) (layer F.CrtYd) (width 0.05))
    (fp_text user %R (at 0 0) (layer F.Fab)
      (effects (font (size 0.4 0.4) (thickness 0.06)))
    )
    (pad 1 smd roundrect (at -0.7875 0 180) (size 0.875 0.95) (layers F.Cu F.Paste F.Mask) (roundrect_rratio 0.25)
      (net 1 +5V))
    (pad 2 smd roundrect (at 0.7875 0 180) (size 0.875 0.95) (layers F.Cu F.Paste F.Mask) (roundrect_rratio 0.25)
      (net 2 GND))
    (model ${KISYS3DMOD}/Capacitor_SMD.3dshapes/C_0603_1608Metric.wrl
      (at (xyz 0 0 0))
      (scale (xyz 1 1 1))
      (rotate (xyz 0 0 0))
    )
  )

  (module TestPoint:TestPoint_THTPad_D1.0mm_Drill0.5mm (layer F.Cu) (tedit 5A0F774F) (tstamp 5D37892C)
    (at 147.955 84.836)
    (descr "THT pad as test Point, diameter 1.0mm, hole diameter 0.5mm")
    (tags "test point THT pad")
    (path /5D38DA7A)
    (attr virtual)
    (fp_text reference J6 (at 0 -1.448) (layer F.SilkS)
      (effects (font (size 1 1) (thickness 0.15)))
    )
    (fp_text value Conn_01x01_Female (at 0.635 5.08) (layer F.Fab)
      (effects (font (size 1 1) (thickness 0.15)))
    )
    (fp_text user %R (at 0 -1.45) (layer F.Fab)
      (effects (font (size 1 1) (thickness 0.15)))
    )
    (fp_circle (center 0 0) (end 1 0) (layer F.CrtYd) (width 0.05))
    (fp_circle (center 0 0) (end 0 0.7) (layer F.SilkS) (width 0.12))
    (pad 1 thru_hole circle (at 0 0) (size 1 1) (drill 0.5) (layers *.Cu *.Mask)
      (net 3 /BTN))
  )

  (module folivora:SMINI-5DE (layer F.Cu) (tedit 5D35C925) (tstamp 5D3785B7)
    (at 137.16 90.17 90)
    (path /5D35E81D)
    (fp_text reference U4 (at 2.54 -5.08 90) (layer F.SilkS)
      (effects (font (size 1 1) (thickness 0.15)))
    )
    (fp_text value AN48841B (at -5.715 -6.35 90) (layer F.Fab)
      (effects (font (size 1 1) (thickness 0.15)))
    )
    (fp_line (start 1.016 -0.635) (end 1.016 0.635) (layer F.SilkS) (width 0.15))
    (fp_line (start 1.016 0.635) (end -0.889 0.635) (layer F.SilkS) (width 0.15))
    (fp_line (start -0.889 0.635) (end -0.889 -0.635) (layer F.SilkS) (width 0.15))
    (fp_line (start -0.889 -0.635) (end 1.016 -0.635) (layer F.SilkS) (width 0.15))
    (pad 1 smd rect (at 0.65 0.975 90) (size 0.3 0.5) (layers F.Cu F.Paste F.Mask)
      (net 10 "Net-(U4-Pad1)"))
    (pad 2 smd rect (at 0 0.975 90) (size 0.3 0.5) (layers F.Cu F.Paste F.Mask)
      (net 2 GND))
    (pad 3 smd rect (at -0.65 0.975 90) (size 0.3 0.5) (layers F.Cu F.Paste F.Mask)
      (net 11 "Net-(U4-Pad3)"))
    (pad 4 smd rect (at -0.65 -0.975 90) (size 0.3 0.5) (layers F.Cu F.Paste F.Mask)
      (net 1 +5V))
    (pad 5 smd rect (at 0.65 -0.975 90) (size 0.3 0.5) (layers F.Cu F.Paste F.Mask)
      (net 15 /LEFT))
  )

  (module Capacitor_SMD:C_0603_1608Metric (layer F.Cu) (tedit 5B301BBE) (tstamp 5D378573)
    (at 149.225 90.17 90)
    (descr "Capacitor SMD 0603 (1608 Metric), square (rectangular) end terminal, IPC_7351 nominal, (Body size source: http://www.tortai-tech.com/upload/download/2011102023233369053.pdf), generated with kicad-footprint-generator")
    (tags capacitor)
    (path /5D3681BA)
    (attr smd)
    (fp_text reference C4 (at 0 1.905 90) (layer F.SilkS)
      (effects (font (size 1 1) (thickness 0.15)))
    )
    (fp_text value 0.1uF (at 0 2.54 90) (layer F.Fab)
      (effects (font (size 1 1) (thickness 0.15)))
    )
    (fp_line (start -0.8 0.4) (end -0.8 -0.4) (layer F.Fab) (width 0.1))
    (fp_line (start -0.8 -0.4) (end 0.8 -0.4) (layer F.Fab) (width 0.1))
    (fp_line (start 0.8 -0.4) (end 0.8 0.4) (layer F.Fab) (width 0.1))
    (fp_line (start 0.8 0.4) (end -0.8 0.4) (layer F.Fab) (width 0.1))
    (fp_line (start -0.162779 -0.51) (end 0.162779 -0.51) (layer F.SilkS) (width 0.12))
    (fp_line (start -0.162779 0.51) (end 0.162779 0.51) (layer F.SilkS) (width 0.12))
    (fp_line (start -1.48 0.73) (end -1.48 -0.73) (layer F.CrtYd) (width 0.05))
    (fp_line (start -1.48 -0.73) (end 1.48 -0.73) (layer F.CrtYd) (width 0.05))
    (fp_line (start 1.48 -0.73) (end 1.48 0.73) (layer F.CrtYd) (width 0.05))
    (fp_line (start 1.48 0.73) (end -1.48 0.73) (layer F.CrtYd) (width 0.05))
    (fp_text user %R (at 1.905 3.81 90) (layer F.Fab)
      (effects (font (size 0.4 0.4) (thickness 0.06)))
    )
    (pad 1 smd roundrect (at -0.7875 0 90) (size 0.875 0.95) (layers F.Cu F.Paste F.Mask) (roundrect_rratio 0.25)
      (net 1 +5V))
    (pad 2 smd roundrect (at 0.7875 0 90) (size 0.875 0.95) (layers F.Cu F.Paste F.Mask) (roundrect_rratio 0.25)
      (net 2 GND))
    (model ${KISYS3DMOD}/Capacitor_SMD.3dshapes/C_0603_1608Metric.wrl
      (at (xyz 0 0 0))
      (scale (xyz 1 1 1))
      (rotate (xyz 0 0 0))
    )
  )

  (module TestPoint:TestPoint_THTPad_D1.0mm_Drill0.5mm (layer F.Cu) (tedit 5A0F774F) (tstamp 5D37854F)
    (at 141.605 78.74)
    (descr "THT pad as test Point, diameter 1.0mm, hole diameter 0.5mm")
    (tags "test point THT pad")
    (path /5D38C1C4)
    (attr virtual)
    (fp_text reference J5 (at 0 -1.448) (layer F.SilkS)
      (effects (font (size 1 1) (thickness 0.15)))
    )
    (fp_text value Conn_01x01_Female (at 1.27 -5.715) (layer F.Fab)
      (effects (font (size 1 1) (thickness 0.15)))
    )
    (fp_circle (center 0 0) (end 0 0.7) (layer F.SilkS) (width 0.12))
    (fp_circle (center 0 0) (end 1 0) (layer F.CrtYd) (width 0.05))
    (fp_text user %R (at 0 -1.45) (layer F.Fab)
      (effects (font (size 1 1) (thickness 0.15)))
    )
    (pad 1 thru_hole circle (at 0 0) (size 1 1) (drill 0.5) (layers *.Cu *.Mask)
      (net 15 /LEFT))
  )

  (module TestPoint:TestPoint_THTPad_D1.0mm_Drill0.5mm (layer F.Cu) (tedit 5A0F774F) (tstamp 5D3784A4)
    (at 144.145 78.74)
    (descr "THT pad as test Point, diameter 1.0mm, hole diameter 0.5mm")
    (tags "test point THT pad")
    (path /5D38BA78)
    (attr virtual)
    (fp_text reference J3 (at 0 -1.448) (layer F.SilkS)
      (effects (font (size 1 1) (thickness 0.15)))
    )
    (fp_text value Conn_01x01_Female (at -0.635 -7.62) (layer F.Fab)
      (effects (font (size 1 1) (thickness 0.15)))
    )
    (fp_circle (center 0 0) (end 0 0.7) (layer F.SilkS) (width 0.12))
    (fp_circle (center 0 0) (end 1 0) (layer F.CrtYd) (width 0.05))
    (fp_text user %R (at 0 -1.45) (layer F.Fab)
      (effects (font (size 1 1) (thickness 0.15)))
    )
    (pad 1 thru_hole circle (at 0 0) (size 1 1) (drill 0.5) (layers *.Cu *.Mask)
      (net 13 /RIGHT))
  )

  (module Capacitor_SMD:C_0603_1608Metric (layer F.Cu) (tedit 5B301BBE) (tstamp 5D37846E)
    (at 137.16 92.075)
    (descr "Capacitor SMD 0603 (1608 Metric), square (rectangular) end terminal, IPC_7351 nominal, (Body size source: http://www.tortai-tech.com/upload/download/2011102023233369053.pdf), generated with kicad-footprint-generator")
    (tags capacitor)
    (path /5D363EA7)
    (attr smd)
    (fp_text reference C5 (at 0 -1.43) (layer F.SilkS)
      (effects (font (size 1 1) (thickness 0.15)))
    )
    (fp_text value 0.1uF (at 0.635 2.54) (layer F.Fab)
      (effects (font (size 1 1) (thickness 0.15)))
    )
    (fp_text user %R (at -1.905 1.905) (layer F.Fab)
      (effects (font (size 0.4 0.4) (thickness 0.06)))
    )
    (fp_line (start 1.48 0.73) (end -1.48 0.73) (layer F.CrtYd) (width 0.05))
    (fp_line (start 1.48 -0.73) (end 1.48 0.73) (layer F.CrtYd) (width 0.05))
    (fp_line (start -1.48 -0.73) (end 1.48 -0.73) (layer F.CrtYd) (width 0.05))
    (fp_line (start -1.48 0.73) (end -1.48 -0.73) (layer F.CrtYd) (width 0.05))
    (fp_line (start -0.162779 0.51) (end 0.162779 0.51) (layer F.SilkS) (width 0.12))
    (fp_line (start -0.162779 -0.51) (end 0.162779 -0.51) (layer F.SilkS) (width 0.12))
    (fp_line (start 0.8 0.4) (end -0.8 0.4) (layer F.Fab) (width 0.1))
    (fp_line (start 0.8 -0.4) (end 0.8 0.4) (layer F.Fab) (width 0.1))
    (fp_line (start -0.8 -0.4) (end 0.8 -0.4) (layer F.Fab) (width 0.1))
    (fp_line (start -0.8 0.4) (end -0.8 -0.4) (layer F.Fab) (width 0.1))
    (pad 2 smd roundrect (at 0.7875 0) (size 0.875 0.95) (layers F.Cu F.Paste F.Mask) (roundrect_rratio 0.25)
      (net 2 GND))
    (pad 1 smd roundrect (at -0.7875 0) (size 0.875 0.95) (layers F.Cu F.Paste F.Mask) (roundrect_rratio 0.25)
      (net 1 +5V))
    (model ${KISYS3DMOD}/Capacitor_SMD.3dshapes/C_0603_1608Metric.wrl
      (at (xyz 0 0 0))
      (scale (xyz 1 1 1))
      (rotate (xyz 0 0 0))
    )
  )

  (module TestPoint:TestPoint_THTPad_D1.0mm_Drill0.5mm (layer F.Cu) (tedit 5A0F774F) (tstamp 5D37841A)
    (at 136.525 83.185)
    (descr "THT pad as test Point, diameter 1.0mm, hole diameter 0.5mm")
    (tags "test point THT pad")
    (path /5D383FC3)
    (attr virtual)
    (fp_text reference J1 (at 0 -1.448) (layer F.SilkS)
      (effects (font (size 1 1) (thickness 0.15)))
    )
    (fp_text value Conn_01x01_Female (at 11.43 1.27) (layer F.Fab)
      (effects (font (size 1 1) (thickness 0.15)))
    )
    (fp_text user %R (at 0 -1.45) (layer F.Fab)
      (effects (font (size 1 1) (thickness 0.15)))
    )
    (fp_circle (center 0 0) (end 1 0) (layer F.CrtYd) (width 0.05))
    (fp_circle (center 0 0) (end 0 0.7) (layer F.SilkS) (width 0.12))
    (pad 1 thru_hole circle (at 0 0) (size 1 1) (drill 0.5) (layers *.Cu *.Mask)
      (net 1 +5V))
  )

  (module TestPoint:TestPoint_THTPad_D1.0mm_Drill0.5mm (layer F.Cu) (tedit 5A0F774F) (tstamp 5D378405)
    (at 140.97 90.805)
    (descr "THT pad as test Point, diameter 1.0mm, hole diameter 0.5mm")
    (tags "test point THT pad")
    (path /5D38B195)
    (attr virtual)
    (fp_text reference J2 (at -6.985 -1.27) (layer F.SilkS)
      (effects (font (size 1 1) (thickness 0.15)))
    )
    (fp_text value Conn_01x01_Female (at -12.065 1.27) (layer F.Fab)
      (effects (font (size 1 1) (thickness 0.15)))
    )
    (fp_text user %R (at -8.89 -1.905) (layer F.Fab)
      (effects (font (size 1 1) (thickness 0.15)))
    )
    (fp_circle (center 0 0) (end 1 0) (layer F.CrtYd) (width 0.05))
    (fp_circle (center 0 0) (end 0 0.7) (layer F.SilkS) (width 0.12))
    (pad 1 thru_hole circle (at 0 0) (size 1 1) (drill 0.5) (layers *.Cu *.Mask)
      (net 12 /UP))
  )

  (module folivora:Film_Switch_4X4X0.8MM (layer F.Cu) (tedit 5D371F88) (tstamp 5D378355)
    (at 142.24 85.09 45)
    (path /5D38C32C)
    (fp_text reference SW1 (at 0 19.55 45) (layer F.SilkS)
      (effects (font (size 1 1) (thickness 0.15)))
    )
    (fp_text value BTN (at 0 18.55 45) (layer F.Fab)
      (effects (font (size 1 1) (thickness 0.15)))
    )
    (fp_line (start -1.905 -1.27) (end -1.905 1.27) (layer F.SilkS) (width 0.1))
    (fp_line (start -1.905 1.27) (end -1.27 1.905) (layer F.SilkS) (width 0.1))
    (fp_line (start -1.27 1.905) (end 1.27 1.905) (layer F.SilkS) (width 0.1))
    (fp_line (start 1.27 1.905) (end 1.905 1.27) (layer F.SilkS) (width 0.1))
    (fp_line (start 1.905 1.27) (end 1.905 -1.27) (layer F.SilkS) (width 0.1))
    (fp_line (start 1.905 -1.27) (end 1.27 -1.905) (layer F.SilkS) (width 0.1))
    (fp_line (start 1.27 -1.905) (end -1.27 -1.905) (layer F.SilkS) (width 0.1))
    (fp_line (start -1.27 -1.905) (end -1.905 -1.27) (layer F.SilkS) (width 0.1))
    (fp_circle (center 0 0) (end 0.635 0) (layer F.SilkS) (width 0.1))
    (fp_circle (center 0 0) (end 1.27 0) (layer F.SilkS) (width 0.1))
    (pad 1 smd trapezoid (at 3.2 1.85 45) (size 1.2 0.9) (layers F.Cu F.Paste F.Mask)
      (net 3 /BTN))
    (pad 2 smd trapezoid (at -3.2 1.85 45) (size 1.2 0.9) (layers F.Cu F.Paste F.Mask)
      (net 2 GND))
    (pad 4 smd trapezoid (at -3.2 -1.85 45) (size 1.2 0.9) (layers F.Cu F.Paste F.Mask)
      (net 2 GND))
    (pad 3 smd trapezoid (at 3.2 -1.85 45) (size 1.2 0.9) (layers F.Cu F.Paste F.Mask)
      (net 3 /BTN))
  )

  (module Capacitor_SMD:C_0805_2012Metric (layer B.Cu) (tedit 5B36C52B) (tstamp 5D378E3F)
    (at 145.0825 87.63 180)
    (descr "Capacitor SMD 0805 (2012 Metric), square (rectangular) end terminal, IPC_7351 nominal, (Body size source: https://docs.google.com/spreadsheets/d/1BsfQQcO9C6DZCsRaXUlFlo91Tg2WpOkGARC1WS5S8t0/edit?usp=sharing), generated with kicad-footprint-generator")
    (tags capacitor)
    (path /5D38E42F)
    (attr smd)
    (fp_text reference C2 (at 0 1.65) (layer B.SilkS)
      (effects (font (size 1 1) (thickness 0.15)) (justify mirror))
    )
    (fp_text value 1uF (at 0 -1.65) (layer B.Fab)
      (effects (font (size 1 1) (thickness 0.15)) (justify mirror))
    )
    (fp_line (start -1 -0.6) (end -1 0.6) (layer B.Fab) (width 0.1))
    (fp_line (start -1 0.6) (end 1 0.6) (layer B.Fab) (width 0.1))
    (fp_line (start 1 0.6) (end 1 -0.6) (layer B.Fab) (width 0.1))
    (fp_line (start 1 -0.6) (end -1 -0.6) (layer B.Fab) (width 0.1))
    (fp_line (start -0.258578 0.71) (end 0.258578 0.71) (layer B.SilkS) (width 0.12))
    (fp_line (start -0.258578 -0.71) (end 0.258578 -0.71) (layer B.SilkS) (width 0.12))
    (fp_line (start -1.68 -0.95) (end -1.68 0.95) (layer B.CrtYd) (width 0.05))
    (fp_line (start -1.68 0.95) (end 1.68 0.95) (layer B.CrtYd) (width 0.05))
    (fp_line (start 1.68 0.95) (end 1.68 -0.95) (layer B.CrtYd) (width 0.05))
    (fp_line (start 1.68 -0.95) (end -1.68 -0.95) (layer B.CrtYd) (width 0.05))
    (fp_text user %R (at 0 0) (layer B.Fab)
      (effects (font (size 0.5 0.5) (thickness 0.08)) (justify mirror))
    )
    (pad 1 smd roundrect (at -0.9375 0 180) (size 0.975 1.4) (layers B.Cu B.Paste B.Mask) (roundrect_rratio 0.25)
      (net 3 /BTN))
    (pad 2 smd roundrect (at 0.9375 0 180) (size 0.975 1.4) (layers B.Cu B.Paste B.Mask) (roundrect_rratio 0.25)
      (net 2 GND))
    (model ${KISYS3DMOD}/Capacitor_SMD.3dshapes/C_0805_2012Metric.wrl
      (at (xyz 0 0 0))
      (scale (xyz 1 1 1))
      (rotate (xyz 0 0 0))
    )
  )

  (module Resistor_SMD:R_0603_1608Metric (layer F.Cu) (tedit 5B301BBD) (tstamp 5D378E50)
    (at 139.7 83.185 45)
    (descr "Resistor SMD 0603 (1608 Metric), square (rectangular) end terminal, IPC_7351 nominal, (Body size source: http://www.tortai-tech.com/upload/download/2011102023233369053.pdf), generated with kicad-footprint-generator")
    (tags resistor)
    (path /5D38D89E)
    (attr smd)
    (fp_text reference R3 (at 0 -1.43 45) (layer F.SilkS)
      (effects (font (size 1 1) (thickness 0.15)))
    )
    (fp_text value 10k (at 0 1.43 45) (layer F.Fab)
      (effects (font (size 1 1) (thickness 0.15)))
    )
    (fp_text user %R (at 0 0 45) (layer F.Fab)
      (effects (font (size 0.4 0.4) (thickness 0.06)))
    )
    (fp_line (start 1.48 0.73) (end -1.48 0.73) (layer F.CrtYd) (width 0.05))
    (fp_line (start 1.48 -0.73) (end 1.48 0.73) (layer F.CrtYd) (width 0.05))
    (fp_line (start -1.48 -0.73) (end 1.48 -0.73) (layer F.CrtYd) (width 0.05))
    (fp_line (start -1.48 0.73) (end -1.48 -0.73) (layer F.CrtYd) (width 0.05))
    (fp_line (start -0.162779 0.51) (end 0.162779 0.51) (layer F.SilkS) (width 0.12))
    (fp_line (start -0.162779 -0.51) (end 0.162779 -0.51) (layer F.SilkS) (width 0.12))
    (fp_line (start 0.8 0.4) (end -0.8 0.4) (layer F.Fab) (width 0.1))
    (fp_line (start 0.8 -0.4) (end 0.8 0.4) (layer F.Fab) (width 0.1))
    (fp_line (start -0.8 -0.4) (end 0.8 -0.4) (layer F.Fab) (width 0.1))
    (fp_line (start -0.8 0.4) (end -0.8 -0.4) (layer F.Fab) (width 0.1))
    (pad 2 smd roundrect (at 0.7875 0 45) (size 0.875 0.95) (layers F.Cu F.Paste F.Mask) (roundrect_rratio 0.25)
      (net 3 /BTN))
    (pad 1 smd roundrect (at -0.7875 0 45) (size 0.875 0.95) (layers F.Cu F.Paste F.Mask) (roundrect_rratio 0.25)
      (net 1 +5V))
    (model ${KISYS3DMOD}/Resistor_SMD.3dshapes/R_0603_1608Metric.wrl
      (at (xyz 0 0 0))
      (scale (xyz 1 1 1))
      (rotate (xyz 0 0 0))
    )
  )

  (module Resistor_SMD:R_0603_1608Metric (layer F.Cu) (tedit 5B301BBD) (tstamp 5D378E61)
    (at 139.065 80.01 90)
    (descr "Resistor SMD 0603 (1608 Metric), square (rectangular) end terminal, IPC_7351 nominal, (Body size source: http://www.tortai-tech.com/upload/download/2011102023233369053.pdf), generated with kicad-footprint-generator")
    (tags resistor)
    (path /5D35C6E6)
    (attr smd)
    (fp_text reference R6 (at 0 -1.43 90) (layer F.SilkS)
      (effects (font (size 1 1) (thickness 0.15)))
    )
    (fp_text value 10k (at 0 1.43 90) (layer F.Fab)
      (effects (font (size 1 1) (thickness 0.15)))
    )
    (fp_line (start -0.8 0.4) (end -0.8 -0.4) (layer F.Fab) (width 0.1))
    (fp_line (start -0.8 -0.4) (end 0.8 -0.4) (layer F.Fab) (width 0.1))
    (fp_line (start 0.8 -0.4) (end 0.8 0.4) (layer F.Fab) (width 0.1))
    (fp_line (start 0.8 0.4) (end -0.8 0.4) (layer F.Fab) (width 0.1))
    (fp_line (start -0.162779 -0.51) (end 0.162779 -0.51) (layer F.SilkS) (width 0.12))
    (fp_line (start -0.162779 0.51) (end 0.162779 0.51) (layer F.SilkS) (width 0.12))
    (fp_line (start -1.48 0.73) (end -1.48 -0.73) (layer F.CrtYd) (width 0.05))
    (fp_line (start -1.48 -0.73) (end 1.48 -0.73) (layer F.CrtYd) (width 0.05))
    (fp_line (start 1.48 -0.73) (end 1.48 0.73) (layer F.CrtYd) (width 0.05))
    (fp_line (start 1.48 0.73) (end -1.48 0.73) (layer F.CrtYd) (width 0.05))
    (fp_text user %R (at 0 0 90) (layer F.Fab)
      (effects (font (size 0.4 0.4) (thickness 0.06)))
    )
    (pad 1 smd roundrect (at -0.7875 0 90) (size 0.875 0.95) (layers F.Cu F.Paste F.Mask) (roundrect_rratio 0.25)
      (net 1 +5V))
    (pad 2 smd roundrect (at 0.7875 0 90) (size 0.875 0.95) (layers F.Cu F.Paste F.Mask) (roundrect_rratio 0.25)
      (net 12 /UP))
    (model ${KISYS3DMOD}/Resistor_SMD.3dshapes/R_0603_1608Metric.wrl
      (at (xyz 0 0 0))
      (scale (xyz 1 1 1))
      (rotate (xyz 0 0 0))
    )
  )

  (module Resistor_SMD:R_0603_1608Metric (layer F.Cu) (tedit 5B301BBD) (tstamp 5D378E72)
    (at 147.32 81.915)
    (descr "Resistor SMD 0603 (1608 Metric), square (rectangular) end terminal, IPC_7351 nominal, (Body size source: http://www.tortai-tech.com/upload/download/2011102023233369053.pdf), generated with kicad-footprint-generator")
    (tags resistor)
    (path /5D35D756)
    (attr smd)
    (fp_text reference R7 (at 0 -1.43) (layer F.SilkS)
      (effects (font (size 1 1) (thickness 0.15)))
    )
    (fp_text value 10k (at 0 1.43) (layer F.Fab)
      (effects (font (size 1 1) (thickness 0.15)))
    )
    (fp_line (start -0.8 0.4) (end -0.8 -0.4) (layer F.Fab) (width 0.1))
    (fp_line (start -0.8 -0.4) (end 0.8 -0.4) (layer F.Fab) (width 0.1))
    (fp_line (start 0.8 -0.4) (end 0.8 0.4) (layer F.Fab) (width 0.1))
    (fp_line (start 0.8 0.4) (end -0.8 0.4) (layer F.Fab) (width 0.1))
    (fp_line (start -0.162779 -0.51) (end 0.162779 -0.51) (layer F.SilkS) (width 0.12))
    (fp_line (start -0.162779 0.51) (end 0.162779 0.51) (layer F.SilkS) (width 0.12))
    (fp_line (start -1.48 0.73) (end -1.48 -0.73) (layer F.CrtYd) (width 0.05))
    (fp_line (start -1.48 -0.73) (end 1.48 -0.73) (layer F.CrtYd) (width 0.05))
    (fp_line (start 1.48 -0.73) (end 1.48 0.73) (layer F.CrtYd) (width 0.05))
    (fp_line (start 1.48 0.73) (end -1.48 0.73) (layer F.CrtYd) (width 0.05))
    (fp_text user %R (at 0 0) (layer F.Fab)
      (effects (font (size 0.4 0.4) (thickness 0.06)))
    )
    (pad 1 smd roundrect (at -0.7875 0) (size 0.875 0.95) (layers F.Cu F.Paste F.Mask) (roundrect_rratio 0.25)
      (net 1 +5V))
    (pad 2 smd roundrect (at 0.7875 0) (size 0.875 0.95) (layers F.Cu F.Paste F.Mask) (roundrect_rratio 0.25)
      (net 13 /RIGHT))
    (model ${KISYS3DMOD}/Resistor_SMD.3dshapes/R_0603_1608Metric.wrl
      (at (xyz 0 0 0))
      (scale (xyz 1 1 1))
      (rotate (xyz 0 0 0))
    )
  )

  (module Resistor_SMD:R_0603_1608Metric (layer F.Cu) (tedit 5B301BBD) (tstamp 5D378E83)
    (at 145.415 90.17 270)
    (descr "Resistor SMD 0603 (1608 Metric), square (rectangular) end terminal, IPC_7351 nominal, (Body size source: http://www.tortai-tech.com/upload/download/2011102023233369053.pdf), generated with kicad-footprint-generator")
    (tags resistor)
    (path /5D35E806)
    (attr smd)
    (fp_text reference R8 (at 0 -1.43 90) (layer F.SilkS)
      (effects (font (size 1 1) (thickness 0.15)))
    )
    (fp_text value 10k (at 0 1.43 90) (layer F.Fab)
      (effects (font (size 1 1) (thickness 0.15)))
    )
    (fp_text user %R (at 0 0 90) (layer F.Fab)
      (effects (font (size 0.4 0.4) (thickness 0.06)))
    )
    (fp_line (start 1.48 0.73) (end -1.48 0.73) (layer F.CrtYd) (width 0.05))
    (fp_line (start 1.48 -0.73) (end 1.48 0.73) (layer F.CrtYd) (width 0.05))
    (fp_line (start -1.48 -0.73) (end 1.48 -0.73) (layer F.CrtYd) (width 0.05))
    (fp_line (start -1.48 0.73) (end -1.48 -0.73) (layer F.CrtYd) (width 0.05))
    (fp_line (start -0.162779 0.51) (end 0.162779 0.51) (layer F.SilkS) (width 0.12))
    (fp_line (start -0.162779 -0.51) (end 0.162779 -0.51) (layer F.SilkS) (width 0.12))
    (fp_line (start 0.8 0.4) (end -0.8 0.4) (layer F.Fab) (width 0.1))
    (fp_line (start 0.8 -0.4) (end 0.8 0.4) (layer F.Fab) (width 0.1))
    (fp_line (start -0.8 -0.4) (end 0.8 -0.4) (layer F.Fab) (width 0.1))
    (fp_line (start -0.8 0.4) (end -0.8 -0.4) (layer F.Fab) (width 0.1))
    (pad 2 smd roundrect (at 0.7875 0 270) (size 0.875 0.95) (layers F.Cu F.Paste F.Mask) (roundrect_rratio 0.25)
      (net 14 /DOWN))
    (pad 1 smd roundrect (at -0.7875 0 270) (size 0.875 0.95) (layers F.Cu F.Paste F.Mask) (roundrect_rratio 0.25)
      (net 1 +5V))
    (model ${KISYS3DMOD}/Resistor_SMD.3dshapes/R_0603_1608Metric.wrl
      (at (xyz 0 0 0))
      (scale (xyz 1 1 1))
      (rotate (xyz 0 0 0))
    )
  )

  (module Resistor_SMD:R_0603_1608Metric (layer F.Cu) (tedit 5B301BBD) (tstamp 5D378E94)
    (at 137.16 88.265 180)
    (descr "Resistor SMD 0603 (1608 Metric), square (rectangular) end terminal, IPC_7351 nominal, (Body size source: http://www.tortai-tech.com/upload/download/2011102023233369053.pdf), generated with kicad-footprint-generator")
    (tags resistor)
    (path /5D35E827)
    (attr smd)
    (fp_text reference R9 (at 0 -1.43) (layer F.SilkS)
      (effects (font (size 1 1) (thickness 0.15)))
    )
    (fp_text value 10k (at 0 1.43) (layer F.Fab)
      (effects (font (size 1 1) (thickness 0.15)))
    )
    (fp_line (start -0.8 0.4) (end -0.8 -0.4) (layer F.Fab) (width 0.1))
    (fp_line (start -0.8 -0.4) (end 0.8 -0.4) (layer F.Fab) (width 0.1))
    (fp_line (start 0.8 -0.4) (end 0.8 0.4) (layer F.Fab) (width 0.1))
    (fp_line (start 0.8 0.4) (end -0.8 0.4) (layer F.Fab) (width 0.1))
    (fp_line (start -0.162779 -0.51) (end 0.162779 -0.51) (layer F.SilkS) (width 0.12))
    (fp_line (start -0.162779 0.51) (end 0.162779 0.51) (layer F.SilkS) (width 0.12))
    (fp_line (start -1.48 0.73) (end -1.48 -0.73) (layer F.CrtYd) (width 0.05))
    (fp_line (start -1.48 -0.73) (end 1.48 -0.73) (layer F.CrtYd) (width 0.05))
    (fp_line (start 1.48 -0.73) (end 1.48 0.73) (layer F.CrtYd) (width 0.05))
    (fp_line (start 1.48 0.73) (end -1.48 0.73) (layer F.CrtYd) (width 0.05))
    (fp_text user %R (at 0 0) (layer F.Fab)
      (effects (font (size 0.4 0.4) (thickness 0.06)))
    )
    (pad 1 smd roundrect (at -0.7875 0 180) (size 0.875 0.95) (layers F.Cu F.Paste F.Mask) (roundrect_rratio 0.25)
      (net 1 +5V))
    (pad 2 smd roundrect (at 0.7875 0 180) (size 0.875 0.95) (layers F.Cu F.Paste F.Mask) (roundrect_rratio 0.25)
      (net 15 /LEFT))
    (model ${KISYS3DMOD}/Resistor_SMD.3dshapes/R_0603_1608Metric.wrl
      (at (xyz 0 0 0))
      (scale (xyz 1 1 1))
      (rotate (xyz 0 0 0))
    )
  )

  (gr_line (start 134.62 92.71) (end 149.86 92.71) (layer Edge.Cuts) (width 0.05) (tstamp 5D37875F))
  (gr_line (start 134.62 77.47) (end 149.86 77.47) (layer Edge.Cuts) (width 0.05) (tstamp 5D37864E))
  (gr_line (start 149.86 92.71) (end 149.86 77.47) (layer Edge.Cuts) (width 0.05) (tstamp 5D37859D))
  (gr_line (start 134.62 77.47) (end 134.62 92.71) (layer Edge.Cuts) (width 0.05) (tstamp 5D378561))

  (segment (start 136.3725 91.0075) (end 136.185 90.82) (width 0.25) (layer F.Cu) (net 1))
  (segment (start 136.3725 92.075) (end 136.3725 91.0075) (width 0.25) (layer F.Cu) (net 1))
  (segment (start 137.485888 89.119112) (end 137.485888 88.726612) (width 0.25) (layer F.Cu) (net 1))
  (segment (start 136.185 90.42) (end 137.485888 89.119112) (width 0.25) (layer F.Cu) (net 1))
  (segment (start 137.485888 88.726612) (end 137.9475 88.265) (width 0.25) (layer F.Cu) (net 1))
  (segment (start 136.185 90.82) (end 136.185 90.42) (width 0.25) (layer F.Cu) (net 1))
  (segment (start 148.1575 90.9575) (end 147.97 91.145) (width 0.25) (layer F.Cu) (net 1))
  (segment (start 149.225 90.9575) (end 148.1575 90.9575) (width 0.25) (layer F.Cu) (net 1))
  (segment (start 145.876612 89.844112) (end 145.415 89.3825) (width 0.25) (layer F.Cu) (net 1))
  (segment (start 146.269112 89.844112) (end 145.876612 89.844112) (width 0.25) (layer F.Cu) (net 1))
  (segment (start 147.57 91.145) (end 146.269112 89.844112) (width 0.25) (layer F.Cu) (net 1))
  (segment (start 147.97 91.145) (end 147.57 91.145) (width 0.25) (layer F.Cu) (net 1))
  (segment (start 148.1075 79.1725) (end 148.295 79.36) (width 0.25) (layer F.Cu) (net 1))
  (segment (start 148.1075 78.105) (end 148.1075 79.1725) (width 0.25) (layer F.Cu) (net 1))
  (segment (start 146.994112 81.060888) (end 148.295 79.76) (width 0.25) (layer F.Cu) (net 1))
  (segment (start 148.295 79.76) (end 148.295 79.36) (width 0.25) (layer F.Cu) (net 1))
  (segment (start 146.994112 81.453388) (end 146.994112 81.060888) (width 0.25) (layer F.Cu) (net 1))
  (segment (start 146.5325 81.915) (end 146.994112 81.453388) (width 0.25) (layer F.Cu) (net 1))
  (segment (start 136.91 79.035) (end 136.51 79.035) (width 0.25) (layer F.Cu) (net 1))
  (segment (start 138.603388 80.335888) (end 138.210888 80.335888) (width 0.25) (layer F.Cu) (net 1))
  (segment (start 138.210888 80.335888) (end 136.91 79.035) (width 0.25) (layer F.Cu) (net 1))
  (segment (start 139.065 80.7975) (end 138.603388 80.335888) (width 0.25) (layer F.Cu) (net 1))
  (segment (start 136.3225 79.2225) (end 136.51 79.035) (width 0.25) (layer F.Cu) (net 1))
  (segment (start 135.255 79.2225) (end 136.3225 79.2225) (width 0.25) (layer F.Cu) (net 1))
  (segment (start 138.9125 80.7975) (end 139.065 80.7975) (width 0.25) (layer F.Cu) (net 1))
  (segment (start 136.525 83.185) (end 138.9125 80.7975) (width 0.25) (layer F.Cu) (net 1))
  (segment (start 137.081847 83.741847) (end 136.525 83.185) (width 0.25) (layer F.Cu) (net 1))
  (segment (start 139.143153 83.741847) (end 137.081847 83.741847) (width 0.25) (layer F.Cu) (net 1))
  (via (at 142.24 80.645) (size 0.8) (drill 0.4) (layers F.Cu B.Cu) (net 1))
  (segment (start 137.795 81.915) (end 136.525 83.185) (width 0.25) (layer B.Cu) (net 1))
  (segment (start 142.24 80.645) (end 140.97 81.915) (width 0.25) (layer B.Cu) (net 1))
  (segment (start 140.97 81.915) (end 137.795 81.915) (width 0.25) (layer B.Cu) (net 1))
  (segment (start 143.941999 80.245001) (end 142.639999 80.245001) (width 0.25) (layer F.Cu) (net 1))
  (segment (start 142.639999 80.245001) (end 142.24 80.645) (width 0.25) (layer F.Cu) (net 1))
  (segment (start 145.611998 81.915) (end 143.941999 80.245001) (width 0.25) (layer F.Cu) (net 1))
  (segment (start 146.5325 81.915) (end 145.611998 81.915) (width 0.25) (layer F.Cu) (net 1))
  (via (at 139.065 87.63) (size 0.8) (drill 0.4) (layers F.Cu B.Cu) (net 1))
  (segment (start 137.9475 88.265) (end 138.43 88.265) (width 0.25) (layer F.Cu) (net 1))
  (segment (start 138.43 88.265) (end 139.065 87.63) (width 0.25) (layer F.Cu) (net 1))
  (segment (start 139.065 85.725) (end 136.525 83.185) (width 0.25) (layer B.Cu) (net 1))
  (segment (start 139.065 87.63) (end 139.065 85.725) (width 0.25) (layer B.Cu) (net 1))
  (segment (start 139.065 87.63) (end 140.335 88.9) (width 0.25) (layer B.Cu) (net 1))
  (via (at 143.51 88.9) (size 0.8) (drill 0.4) (layers F.Cu B.Cu) (net 1))
  (segment (start 140.335 88.9) (end 143.51 88.9) (width 0.25) (layer B.Cu) (net 1))
  (segment (start 144.9325 88.9) (end 145.415 89.3825) (width 0.25) (layer F.Cu) (net 1))
  (segment (start 143.51 88.9) (end 144.9325 88.9) (width 0.25) (layer F.Cu) (net 1))
  (segment (start 137.635 90.17) (end 138.135 90.17) (width 0.25) (layer F.Cu) (net 2))
  (segment (start 137.485888 91.613388) (end 137.485888 90.319112) (width 0.25) (layer F.Cu) (net 2))
  (segment (start 137.485888 90.319112) (end 137.635 90.17) (width 0.25) (layer F.Cu) (net 2))
  (segment (start 137.9475 92.075) (end 137.485888 91.613388) (width 0.25) (layer F.Cu) (net 2))
