(kicad_pcb (version 20171130) (host pcbnew 5.1.2)

  (general
    (thickness 1.6)
    (drawings 4)
    (tracks 112)
    (zones 0)
    (modules 19)
    (nets 15)
  )

  (page A4)
  (layers
    (0 F.Cu signal)
    (31 B.Cu signal)
    (32 B.Adhes user)
    (33 F.Adhes user)
    (34 B.Paste user)
    (35 F.Paste user)
    (36 B.SilkS user)
    (37 F.SilkS user)
    (38 B.Mask user)
    (39 F.Mask user)
    (40 Dwgs.User user)
    (41 Cmts.User user)
    (42 Eco1.User user)
    (43 Eco2.User user)
    (44 Edge.Cuts user)
    (45 Margin user)
    (46 B.CrtYd user)
    (47 F.CrtYd user)
    (48 B.Fab user)
    (49 F.Fab user)
  )

  (setup
    (last_trace_width 0.25)
    (trace_clearance 0.2)
    (zone_clearance 0.508)
    (zone_45_only no)
    (trace_min 0.2)
    (via_size 0.8)
    (via_drill 0.4)
    (via_min_size 0.4)
    (via_min_drill 0.3)
    (uvia_size 0.3)
    (uvia_drill 0.1)
    (uvias_allowed no)
    (uvia_min_size 0.2)
    (uvia_min_drill 0.1)
    (edge_width 0.05)
    (segment_width 0.2)
    (pcb_text_width 0.3)
    (pcb_text_size 1.5 1.5)
    (mod_edge_width 0.12)
    (mod_text_size 1 1)
    (mod_text_width 0.15)
    (pad_size 1.524 1.524)
    (pad_drill 0.762)
    (pad_to_mask_clearance 0.051)
    (solder_mask_min_width 0.25)
    (aux_axis_origin 0 0)
    (visible_elements FFFFFF7F)
    (pcbplotparams
      (layerselection 0x010fc_ffffffff)
      (usegerberextensions false)
      (usegerberattributes false)
      (usegerberadvancedattributes false)
      (creategerberjobfile false)
      (excludeedgelayer true)
      (linewidth 0.100000)
      (plotframeref false)
      (viasonmask false)
      (mode 1)
      (useauxorigin false)
      (hpglpennumber 1)
      (hpglpenspeed 20)
      (hpglpendiameter 15.000000)
      (psnegative false)
      (psa4output false)
      (plotreference true)
      (plotvalue true)
      (plotinvisibletext false)
      (padsonsilk false)
      (subtractmaskfromsilk false)
      (outputformat 1)
      (mirror false)
      (drillshape 1)
      (scaleselection 1)
      (outputdirectory ""))
  )

  (net 0 "")
  (net 1 +5V)
  (net 2 GND)
  (net 3 "Net-(U1-Pad3)")
  (net 4 "Net-(U1-Pad1)")
  (net 5 "Net-(U2-Pad1)")
  (net 6 "Net-(U2-Pad3)")
  (net 7 "Net-(U3-Pad3)")
  (net 8 "Net-(U3-Pad1)")
  (net 9 "Net-(U4-Pad1)")
  (net 10 "Net-(U4-Pad3)")
  (net 11 /UP)
  (net 12 /RIGHT)
  (net 13 /DOWN)
  (net 14 /LEFT)

  (net_class Default "This is the default net class."
    (clearance 0.2)
    (trace_width 0.25)
    (via_dia 0.8)
    (via_drill 0.4)
    (uvia_dia 0.3)
    (uvia_drill 0.1)
    (add_net +5V)
    (add_net /DOWN)
    (add_net /LEFT)
    (add_net /RIGHT)
    (add_net /UP)
    (add_net GND)
    (add_net "Net-(U1-Pad1)")
    (add_net "Net-(U1-Pad3)")
    (add_net "Net-(U2-Pad1)")
    (add_net "Net-(U2-Pad3)")
    (add_net "Net-(U3-Pad1)")
    (add_net "Net-(U3-Pad3)")
    (add_net "Net-(U4-Pad1)")
    (add_net "Net-(U4-Pad3)")
  )

  (module MountingHole:MountingHole_3.2mm_M3 (layer F.Cu) (tedit 56D1B4CB) (tstamp 5D3B82B7)
    (at 7.62 7.62)
    (descr "Mounting Hole 3.2mm, no annular, M3")
    (tags "mounting hole 3.2mm no annular m3")
    (attr virtual)
    (fp_text reference REF** (at 0 -4.2) (layer F.SilkS)
      (effects (font (size 1 1) (thickness 0.15)))
    )
    (fp_text value MountingHole_3.2mm_M3 (at 0 4.2) (layer F.Fab)
      (effects (font (size 1 1) (thickness 0.15)))
    )
    (fp_circle (center 0 0) (end 3.45 0) (layer F.CrtYd) (width 0.05))
    (fp_circle (center 0 0) (end 3.2 0) (layer Cmts.User) (width 0.15))
    (fp_text user %R (at 0.3 0) (layer F.Fab)
      (effects (font (size 1 1) (thickness 0.15)))
    )
    (pad 1 np_thru_hole circle (at 0 0) (size 3.2 3.2) (drill 3.2) (layers *.Cu *.Mask))
  )

  (module folivora:SMINI_5DE (layer F.Cu) (tedit 5D3B2480) (tstamp 5D3B78BE)
    (at 3.81 3.81)
    (path /5D35C0DC)
    (fp_text reference U1 (at 10.795 15.105) (layer F.SilkS)
      (effects (font (size 1 1) (thickness 0.15)))
    )
    (fp_text value AN48841B (at 2.54 2.54) (layer F.Fab)
      (effects (font (size 1 1) (thickness 0.15)))
    )
    (fp_line (start 1.016 -0.508) (end 1.016 0.508) (layer F.SilkS) (width 0.1))
    (fp_line (start 1.016 0.508) (end -0.889 0.508) (layer F.SilkS) (width 0.1))
    (fp_line (start -0.889 0.508) (end -0.889 -0.508) (layer F.SilkS) (width 0.1))
    (fp_line (start -0.889 -0.508) (end 1.016 -0.508) (layer F.SilkS) (width 0.1))
    (pad 1 smd rect (at -0.65 0.9) (size 0.4 0.7) (layers F.Cu F.Paste F.Mask)
      (net 4 "Net-(U1-Pad1)"))
    (pad 2 smd rect (at 0 0.9) (size 0.4 0.7) (layers F.Cu F.Paste F.Mask)
      (net 2 GND))
    (pad 3 smd rect (at 0.65 0.9) (size 0.4 0.7) (layers F.Cu F.Paste F.Mask)
      (net 3 "Net-(U1-Pad3)"))
    (pad 4 smd rect (at 0.65 -0.9) (size 0.4 0.7) (layers F.Cu F.Paste F.Mask)
      (net 1 +5V))
    (pad 5 smd rect (at -0.65 -0.9) (size 0.4 0.7) (layers F.Cu F.Paste F.Mask)
      (net 11 /UP))
  )

  (module folivora:SMINI_5DE (layer F.Cu) (tedit 5D3B2480) (tstamp 5D3B78CB)
    (at 3.81 11.43 90)
    (path /5D35D74C)
    (fp_text reference U2 (at 10.795 15.105 90) (layer F.SilkS)
      (effects (font (size 1 1) (thickness 0.15)))
    )
    (fp_text value AN48841B (at 10.795 14.105 90) (layer F.Fab)
      (effects (font (size 1 1) (thickness 0.15)))
    )
    (fp_line (start -0.889 -0.508) (end 1.016 -0.508) (layer F.SilkS) (width 0.1))
    (fp_line (start -0.889 0.508) (end -0.889 -0.508) (layer F.SilkS) (width 0.1))
    (fp_line (start 1.016 0.508) (end -0.889 0.508) (layer F.SilkS) (width 0.1))
    (fp_line (start 1.016 -0.508) (end 1.016 0.508) (layer F.SilkS) (width 0.1))
    (pad 5 smd rect (at -0.65 -0.9 90) (size 0.4 0.7) (layers F.Cu F.Paste F.Mask)
      (net 12 /RIGHT))
    (pad 4 smd rect (at 0.65 -0.9 90) (size 0.4 0.7) (layers F.Cu F.Paste F.Mask)
      (net 1 +5V))
    (pad 3 smd rect (at 0.65 0.9 90) (size 0.4 0.7) (layers F.Cu F.Paste F.Mask)
      (net 6 "Net-(U2-Pad3)"))
    (pad 2 smd rect (at 0 0.9 90) (size 0.4 0.7) (layers F.Cu F.Paste F.Mask)
      (net 2 GND))
    (pad 1 smd rect (at -0.65 0.9 90) (size 0.4 0.7) (layers F.Cu F.Paste F.Mask)
      (net 5 "Net-(U2-Pad1)"))
  )

  (module folivora:SMINI_5DE (layer F.Cu) (tedit 5D3B2480) (tstamp 5D3B78D8)
    (at 11.43 3.81 270)
    (path /5D35E7FC)
    (fp_text reference U3 (at 10.795 15.105 90) (layer F.SilkS)
      (effects (font (size 1 1) (thickness 0.15)))
    )
    (fp_text value AN48841B (at 10.795 14.105 90) (layer F.Fab)
      (effects (font (size 1 1) (thickness 0.15)))
    )
    (fp_line (start 1.016 -0.508) (end 1.016 0.508) (layer F.SilkS) (width 0.1))
    (fp_line (start 1.016 0.508) (end -0.889 0.508) (layer F.SilkS) (width 0.1))
    (fp_line (start -0.889 0.508) (end -0.889 -0.508) (layer F.SilkS) (width 0.1))
    (fp_line (start -0.889 -0.508) (end 1.016 -0.508) (layer F.SilkS) (width 0.1))
    (pad 1 smd rect (at -0.65 0.9 270) (size 0.4 0.7) (layers F.Cu F.Paste F.Mask)
      (net 8 "Net-(U3-Pad1)"))
    (pad 2 smd rect (at 0 0.9 270) (size 0.4 0.7) (layers F.Cu F.Paste F.Mask)
      (net 2 GND))
    (pad 3 smd rect (at 0.65 0.9 270) (size 0.4 0.7) (layers F.Cu F.Paste F.Mask)
      (net 7 "Net-(U3-Pad3)"))
    (pad 4 smd rect (at 0.65 -0.9 270) (size 0.4 0.7) (layers F.Cu F.Paste F.Mask)
      (net 1 +5V))
    (pad 5 smd rect (at -0.65 -0.9 270) (size 0.4 0.7) (layers F.Cu F.Paste F.Mask)
      (net 13 /DOWN))
  )

  (module folivora:SMINI_5DE (layer F.Cu) (tedit 5D3B2480) (tstamp 5D3B78E5)
    (at 11.43 11.43 180)
    (path /5D35E81D)
    (fp_text reference U4 (at 10.795 15.105) (layer F.SilkS)
      (effects (font (size 1 1) (thickness 0.15)))
    )
    (fp_text value AN48841B (at 10.795 14.105) (layer F.Fab)
      (effects (font (size 1 1) (thickness 0.15)))
    )
    (fp_line (start -0.889 -0.508) (end 1.016 -0.508) (layer F.SilkS) (width 0.1))
    (fp_line (start -0.889 0.508) (end -0.889 -0.508) (layer F.SilkS) (width 0.1))
    (fp_line (start 1.016 0.508) (end -0.889 0.508) (layer F.SilkS) (width 0.1))
    (fp_line (start 1.016 -0.508) (end 1.016 0.508) (layer F.SilkS) (width 0.1))
    (pad 5 smd rect (at -0.65 -0.9 180) (size 0.4 0.7) (layers F.Cu F.Paste F.Mask)
      (net 14 /LEFT))
    (pad 4 smd rect (at 0.65 -0.9 180) (size 0.4 0.7) (layers F.Cu F.Paste F.Mask)
      (net 1 +5V))
    (pad 3 smd rect (at 0.65 0.9 180) (size 0.4 0.7) (layers F.Cu F.Paste F.Mask)
      (net 10 "Net-(U4-Pad3)"))
    (pad 2 smd rect (at 0 0.9 180) (size 0.4 0.7) (layers F.Cu F.Paste F.Mask)
      (net 2 GND))
    (pad 1 smd rect (at -0.65 0.9 180) (size 0.4 0.7) (layers F.Cu F.Paste F.Mask)
      (net 9 "Net-(U4-Pad1)"))
  )

  (module Capacitor_SMD:C_0603_1608Metric (layer F.Cu) (tedit 5B301BBE) (tstamp 5D3B7EB8)
    (at 13.335 11.43 90)
    (descr "Capacitor SMD 0603 (1608 Metric), square (rectangular) end terminal, IPC_7351 nominal, (Body size source: http://www.tortai-tech.com/upload/download/2011102023233369053.pdf), generated with kicad-footprint-generator")
    (tags capacitor)
    (path /5D3692CC)
    (attr smd)
    (fp_text reference C1 (at 0 -1.43 90) (layer F.SilkS)
      (effects (font (size 1 1) (thickness 0.15)))
    )
    (fp_text value 0.1uF (at 0 1.43 90) (layer F.Fab)
      (effects (font (size 1 1) (thickness 0.15)))
    )
    (fp_line (start -0.8 0.4) (end -0.8 -0.4) (layer F.Fab) (width 0.1))
    (fp_line (start -0.8 -0.4) (end 0.8 -0.4) (layer F.Fab) (width 0.1))
    (fp_line (start 0.8 -0.4) (end 0.8 0.4) (layer F.Fab) (width 0.1))
    (fp_line (start 0.8 0.4) (end -0.8 0.4) (layer F.Fab) (width 0.1))
    (fp_line (start -0.162779 -0.51) (end 0.162779 -0.51) (layer F.SilkS) (width 0.12))
    (fp_line (start -0.162779 0.51) (end 0.162779 0.51) (layer F.SilkS) (width 0.12))
    (fp_line (start -1.48 0.73) (end -1.48 -0.73) (layer F.CrtYd) (width 0.05))
    (fp_line (start -1.48 -0.73) (end 1.48 -0.73) (layer F.CrtYd) (width 0.05))
    (fp_line (start 1.48 -0.73) (end 1.48 0.73) (layer F.CrtYd) (width 0.05))
    (fp_line (start 1.48 0.73) (end -1.48 0.73) (layer F.CrtYd) (width 0.05))
    (fp_text user %R (at 0 0 90) (layer F.Fab)
      (effects (font (size 0.4 0.4) (thickness 0.06)))
    )
    (pad 1 smd roundrect (at -0.7875 0 90) (size 0.875 0.95) (layers F.Cu F.Paste F.Mask) (roundrect_rratio 0.25)
      (net 1 +5V))
    (pad 2 smd roundrect (at 0.7875 0 90) (size 0.875 0.95) (layers F.Cu F.Paste F.Mask) (roundrect_rratio 0.25)
      (net 2 GND))
    (model ${KISYS3DMOD}/Capacitor_SMD.3dshapes/C_0603_1608Metric.wrl
      (at (xyz 0 0 0))
      (scale (xyz 1 1 1))
      (rotate (xyz 0 0 0))
    )
  )

  (module Capacitor_SMD:C_0603_1608Metric (layer F.Cu) (tedit 5B301BBE) (tstamp 5D3B8FC0)
    (at 1.27 11.43 270)
    (descr "Capacitor SMD 0603 (1608 Metric), square (rectangular) end terminal, IPC_7351 nominal, (Body size source: http://www.tortai-tech.com/upload/download/2011102023233369053.pdf), generated with kicad-footprint-generator")
    (tags capacitor)
    (path /5D3692AC)
    (attr smd)
    (fp_text reference C3 (at 0 -1.43 90) (layer F.SilkS)
      (effects (font (size 1 1) (thickness 0.15)))
    )
    (fp_text value 0.1uF (at 0 1.43 90) (layer F.Fab)
      (effects (font (size 1 1) (thickness 0.15)))
    )
    (fp_text user %R (at 0 0 90) (layer F.Fab)
      (effects (font (size 0.4 0.4) (thickness 0.06)))
    )
    (fp_line (start 1.48 0.73) (end -1.48 0.73) (layer F.CrtYd) (width 0.05))
    (fp_line (start 1.48 -0.73) (end 1.48 0.73) (layer F.CrtYd) (width 0.05))
    (fp_line (start -1.48 -0.73) (end 1.48 -0.73) (layer F.CrtYd) (width 0.05))
    (fp_line (start -1.48 0.73) (end -1.48 -0.73) (layer F.CrtYd) (width 0.05))
    (fp_line (start -0.162779 0.51) (end 0.162779 0.51) (layer F.SilkS) (width 0.12))
    (fp_line (start -0.162779 -0.51) (end 0.162779 -0.51) (layer F.SilkS) (width 0.12))
    (fp_line (start 0.8 0.4) (end -0.8 0.4) (layer F.Fab) (width 0.1))
    (fp_line (start 0.8 -0.4) (end 0.8 0.4) (layer F.Fab) (width 0.1))
    (fp_line (start -0.8 -0.4) (end 0.8 -0.4) (layer F.Fab) (width 0.1))
    (fp_line (start -0.8 0.4) (end -0.8 -0.4) (layer F.Fab) (width 0.1))
    (pad 2 smd roundrect (at 0.7875 0 270) (size 0.875 0.95) (layers F.Cu F.Paste F.Mask) (roundrect_rratio 0.25)
      (net 2 GND))
    (pad 1 smd roundrect (at -0.7875 0 270) (size 0.875 0.95) (layers F.Cu F.Paste F.Mask) (roundrect_rratio 0.25)
      (net 1 +5V))
    (model ${KISYS3DMOD}/Capacitor_SMD.3dshapes/C_0603_1608Metric.wrl
      (at (xyz 0 0 0))
      (scale (xyz 1 1 1))
      (rotate (xyz 0 0 0))
    )
  )

  (module Capacitor_SMD:C_0603_1608Metric (layer F.Cu) (tedit 5B301BBE) (tstamp 5D3B7EDA)
    (at 1.905 3.81 270)
    (descr "Capacitor SMD 0603 (1608 Metric), square (rectangular) end terminal, IPC_7351 nominal, (Body size source: http://www.tortai-tech.com/upload/download/2011102023233369053.pdf), generated with kicad-footprint-generator")
    (tags capacitor)
    (path /5D3681BA)
    (attr smd)
    (fp_text reference C4 (at 0 -1.43 90) (layer F.SilkS)
      (effects (font (size 1 1) (thickness 0.15)))
    )
    (fp_text value 0.1uF (at 0 1.43 90) (layer F.Fab)
      (effects (font (size 1 1) (thickness 0.15)))
    )
    (fp_line (start -0.8 0.4) (end -0.8 -0.4) (layer F.Fab) (width 0.1))
    (fp_line (start -0.8 -0.4) (end 0.8 -0.4) (layer F.Fab) (width 0.1))
    (fp_line (start 0.8 -0.4) (end 0.8 0.4) (layer F.Fab) (width 0.1))
    (fp_line (start 0.8 0.4) (end -0.8 0.4) (layer F.Fab) (width 0.1))
    (fp_line (start -0.162779 -0.51) (end 0.162779 -0.51) (layer F.SilkS) (width 0.12))
    (fp_line (start -0.162779 0.51) (end 0.162779 0.51) (layer F.SilkS) (width 0.12))
    (fp_line (start -1.48 0.73) (end -1.48 -0.73) (layer F.CrtYd) (width 0.05))
    (fp_line (start -1.48 -0.73) (end 1.48 -0.73) (layer F.CrtYd) (width 0.05))
    (fp_line (start 1.48 -0.73) (end 1.48 0.73) (layer F.CrtYd) (width 0.05))
    (fp_line (start 1.48 0.73) (end -1.48 0.73) (layer F.CrtYd) (width 0.05))
    (fp_text user %R (at 0 0 90) (layer F.Fab)
      (effects (font (size 0.4 0.4) (thickness 0.06)))
    )
    (pad 1 smd roundrect (at -0.7875 0 270) (size 0.875 0.95) (layers F.Cu F.Paste F.Mask) (roundrect_rratio 0.25)
      (net 1 +5V))
    (pad 2 smd roundrect (at 0.7875 0 270) (size 0.875 0.95) (layers F.Cu F.Paste F.Mask) (roundrect_rratio 0.25)
      (net 2 GND))
    (model ${KISYS3DMOD}/Capacitor_SMD.3dshapes/C_0603_1608Metric.wrl
      (at (xyz 0 0 0))
      (scale (xyz 1 1 1))
      (rotate (xyz 0 0 0))
    )
  )

  (module Capacitor_SMD:C_0603_1608Metric (layer F.Cu) (tedit 5B301BBE) (tstamp 5D3B7EEB)
    (at 13.97 3.81 90)
    (descr "Capacitor SMD 0603 (1608 Metric), square (rectangular) end terminal, IPC_7351 nominal, (Body size source: http://www.tortai-tech.com/upload/download/2011102023233369053.pdf), generated with kicad-footprint-generator")
    (tags capacitor)
    (path /5D363EA7)
    (attr smd)
    (fp_text reference C5 (at 0 -1.43 90) (layer F.SilkS)
      (effects (font (size 1 1) (thickness 0.15)))
    )
    (fp_text value 0.1uF (at 0 1.43 90) (layer F.Fab)
      (effects (font (size 1 1) (thickness 0.15)))
    )
    (fp_text user %R (at 0 0 90) (layer F.Fab)
      (effects (font (size 0.4 0.4) (thickness 0.06)))
    )
    (fp_line (start 1.48 0.73) (end -1.48 0.73) (layer F.CrtYd) (width 0.05))
    (fp_line (start 1.48 -0.73) (end 1.48 0.73) (layer F.CrtYd) (width 0.05))
    (fp_line (start -1.48 -0.73) (end 1.48 -0.73) (layer F.CrtYd) (width 0.05))
    (fp_line (start -1.48 0.73) (end -1.48 -0.73) (layer F.CrtYd) (width 0.05))
    (fp_line (start -0.162779 0.51) (end 0.162779 0.51) (layer F.SilkS) (width 0.12))
    (fp_line (start -0.162779 -0.51) (end 0.162779 -0.51) (layer F.SilkS) (width 0.12))
    (fp_line (start 0.8 0.4) (end -0.8 0.4) (layer F.Fab) (width 0.1))
    (fp_line (start 0.8 -0.4) (end 0.8 0.4) (layer F.Fab) (width 0.1))
    (fp_line (start -0.8 -0.4) (end 0.8 -0.4) (layer F.Fab) (width 0.1))
    (fp_line (start -0.8 0.4) (end -0.8 -0.4) (layer F.Fab) (width 0.1))
    (pad 2 smd roundrect (at 0.7875 0 90) (size 0.875 0.95) (layers F.Cu F.Paste F.Mask) (roundrect_rratio 0.25)
      (net 2 GND))
    (pad 1 smd roundrect (at -0.7875 0 90) (size 0.875 0.95) (layers F.Cu F.Paste F.Mask) (roundrect_rratio 0.25)
      (net 1 +5V))
    (model ${KISYS3DMOD}/Capacitor_SMD.3dshapes/C_0603_1608Metric.wrl
      (at (xyz 0 0 0))
      (scale (xyz 1 1 1))
      (rotate (xyz 0 0 0))
    )
  )

  (module TestPoint:TestPoint_THTPad_D1.0mm_Drill0.5mm (layer F.Cu) (tedit 5A0F774F) (tstamp 5D3B7EF3)
    (at 7.62 1.27)
    (descr "THT pad as test Point, diameter 1.0mm, hole diameter 0.5mm")
    (tags "test point THT pad")
    (path /5D383FC3)
    (attr virtual)
    (fp_text reference J1 (at 0 -1.448) (layer F.SilkS)
      (effects (font (size 1 1) (thickness 0.15)))
    )
    (fp_text value 5V (at 0 1.55) (layer F.Fab)
      (effects (font (size 1 1) (thickness 0.15)))
    )
    (fp_circle (center 0 0) (end 0 0.7) (layer F.SilkS) (width 0.12))
    (fp_circle (center 0 0) (end 1 0) (layer F.CrtYd) (width 0.05))
    (fp_text user %R (at 0 -1.45) (layer F.Fab)
      (effects (font (size 1 1) (thickness 0.15)))
    )
    (pad 1 thru_hole circle (at 0 0) (size 1 1) (drill 0.5) (layers *.Cu *.Mask)
      (net 1 +5V))
  )

  (module TestPoint:TestPoint_THTPad_D1.0mm_Drill0.5mm (layer F.Cu) (tedit 5A0F774F) (tstamp 5D3B7EFB)
    (at 1.27 6.35)
    (descr "THT pad as test Point, diameter 1.0mm, hole diameter 0.5mm")
    (tags "test point THT pad")
    (path /5D38B195)
    (attr virtual)
    (fp_text reference J2 (at 0 -1.448) (layer F.SilkS)
      (effects (font (size 1 1) (thickness 0.15)))
    )
    (fp_text value UP (at 0 1.55) (layer F.Fab)
      (effects (font (size 1 1) (thickness 0.15)))
    )
    (fp_circle (center 0 0) (end 0 0.7) (layer F.SilkS) (width 0.12))
    (fp_circle (center 0 0) (end 1 0) (layer F.CrtYd) (width 0.05))
    (fp_text user %R (at 0 -1.45) (layer F.Fab)
      (effects (font (size 1 1) (thickness 0.15)))
    )
    (pad 1 thru_hole circle (at 0 0) (size 1 1) (drill 0.5) (layers *.Cu *.Mask)
      (net 11 /UP))
  )

  (module TestPoint:TestPoint_THTPad_D1.0mm_Drill0.5mm (layer F.Cu) (tedit 5A0F774F) (tstamp 5D3B7F03)
    (at 1.27 8.89)
    (descr "THT pad as test Point, diameter 1.0mm, hole diameter 0.5mm")
    (tags "test point THT pad")
    (path /5D38BA78)
    (attr virtual)
    (fp_text reference J3 (at 0 -1.448) (layer F.SilkS)
      (effects (font (size 1 1) (thickness 0.15)))
    )
    (fp_text value R (at 0 1.55) (layer F.Fab)
      (effects (font (size 1 1) (thickness 0.15)))
    )
    (fp_text user %R (at 0 -1.45) (layer F.Fab)
      (effects (font (size 1 1) (thickness 0.15)))
    )
    (fp_circle (center 0 0) (end 1 0) (layer F.CrtYd) (width 0.05))
    (fp_circle (center 0 0) (end 0 0.7) (layer F.SilkS) (width 0.12))
    (pad 1 thru_hole circle (at 0 0) (size 1 1) (drill 0.5) (layers *.Cu *.Mask)
      (net 12 /RIGHT))
  )

  (module TestPoint:TestPoint_THTPad_D1.0mm_Drill0.5mm (layer F.Cu) (tedit 5A0F774F) (tstamp 5D3B7F0B)
    (at 13.97 6.35)
    (descr "THT pad as test Point, diameter 1.0mm, hole diameter 0.5mm")
    (tags "test point THT pad")
    (path /5D38C1BA)
    (attr virtual)
    (fp_text reference J4 (at 0 -1.448) (layer F.SilkS)
      (effects (font (size 1 1) (thickness 0.15)))
    )
    (fp_text value D (at 0 1.55) (layer F.Fab)
      (effects (font (size 1 1) (thickness 0.15)))
    )
    (fp_circle (center 0 0) (end 0 0.7) (layer F.SilkS) (width 0.12))
    (fp_circle (center 0 0) (end 1 0) (layer F.CrtYd) (width 0.05))
    (fp_text user %R (at 0 -1.45) (layer F.Fab)
      (effects (font (size 1 1) (thickness 0.15)))
    )
    (pad 1 thru_hole circle (at 0 0) (size 1 1) (drill 0.5) (layers *.Cu *.Mask)
      (net 13 /DOWN))
  )

  (module TestPoint:TestPoint_THTPad_D1.0mm_Drill0.5mm (layer F.Cu) (tedit 5A0F774F) (tstamp 5D3B7F13)
    (at 13.97 8.89)
    (descr "THT pad as test Point, diameter 1.0mm, hole diameter 0.5mm")
    (tags "test point THT pad")
    (path /5D38C1C4)
    (attr virtual)
    (fp_text reference J5 (at 0 -1.448) (layer F.SilkS)
      (effects (font (size 1 1) (thickness 0.15)))
    )
    (fp_text value L (at 0 1.55) (layer F.Fab)
      (effects (font (size 1 1) (thickness 0.15)))
    )
    (fp_text user %R (at 0 -1.45) (layer F.Fab)
      (effects (font (size 1 1) (thickness 0.15)))
    )
    (fp_circle (center 0 0) (end 1 0) (layer F.CrtYd) (width 0.05))
    (fp_circle (center 0 0) (end 0 0.7) (layer F.SilkS) (width 0.12))
    (pad 1 thru_hole circle (at 0 0) (size 1 1) (drill 0.5) (layers *.Cu *.Mask)
      (net 14 /LEFT))
  )

  (module TestPoint:TestPoint_THTPad_D1.0mm_Drill0.5mm (layer F.Cu) (tedit 5A0F774F) (tstamp 5D3B7F1B)
    (at 7.62 13.97)
    (descr "THT pad as test Point, diameter 1.0mm, hole diameter 0.5mm")
    (tags "test point THT pad")
    (path /5D386BCE)
    (attr virtual)
    (fp_text reference J7 (at 0 -1.448) (layer F.SilkS)
      (effects (font (size 1 1) (thickness 0.15)))
    )
    (fp_text value GND (at 0 1.55) (layer F.Fab)
      (effects (font (size 1 1) (thickness 0.15)))
    )
    (fp_text user %R (at 0 -1.45) (layer F.Fab)
      (effects (font (size 1 1) (thickness 0.15)))
    )
    (fp_circle (center 0 0) (end 1 0) (layer F.CrtYd) (width 0.05))
    (fp_circle (center 0 0) (end 0 0.7) (layer F.SilkS) (width 0.12))
    (pad 1 thru_hole circle (at 0 0) (size 1 1) (drill 0.5) (layers *.Cu *.Mask)
      (net 2 GND))
  )

  (module Resistor_SMD:R_0603_1608Metric (layer F.Cu) (tedit 5B301BBD) (tstamp 5D3B7F2C)
    (at 3.81 1.27 180)
    (descr "Resistor SMD 0603 (1608 Metric), square (rectangular) end terminal, IPC_7351 nominal, (Body size source: http://www.tortai-tech.com/upload/download/2011102023233369053.pdf), generated with kicad-footprint-generator")
    (tags resistor)
    (path /5D35C6E6)
    (attr smd)
    (fp_text reference R6 (at 0 -1.43) (layer F.SilkS)
      (effects (font (size 1 1) (thickness 0.15)))
    )
    (fp_text value 10k (at 0 1.43) (layer F.Fab)
      (effects (font (size 1 1) (thickness 0.15)))
    )
    (fp_line (start -0.8 0.4) (end -0.8 -0.4) (layer F.Fab) (width 0.1))
    (fp_line (start -0.8 -0.4) (end 0.8 -0.4) (layer F.Fab) (width 0.1))
    (fp_line (start 0.8 -0.4) (end 0.8 0.4) (layer F.Fab) (width 0.1))
    (fp_line (start 0.8 0.4) (end -0.8 0.4) (layer F.Fab) (width 0.1))
    (fp_line (start -0.162779 -0.51) (end 0.162779 -0.51) (layer F.SilkS) (width 0.12))
    (fp_line (start -0.162779 0.51) (end 0.162779 0.51) (layer F.SilkS) (width 0.12))
    (fp_line (start -1.48 0.73) (end -1.48 -0.73) (layer F.CrtYd) (width 0.05))
    (fp_line (start -1.48 -0.73) (end 1.48 -0.73) (layer F.CrtYd) (width 0.05))
    (fp_line (start 1.48 -0.73) (end 1.48 0.73) (layer F.CrtYd) (width 0.05))
    (fp_line (start 1.48 0.73) (end -1.48 0.73) (layer F.CrtYd) (width 0.05))
    (fp_text user %R (at 0 0) (layer F.Fab)
      (effects (font (size 0.4 0.4) (thickness 0.06)))
    )
    (pad 1 smd roundrect (at -0.7875 0 180) (size 0.875 0.95) (layers F.Cu F.Paste F.Mask) (roundrect_rratio 0.25)
      (net 1 +5V))
    (pad 2 smd roundrect (at 0.7875 0 180) (size 0.875 0.95) (layers F.Cu F.Paste F.Mask) (roundrect_rratio 0.25)
      (net 11 /UP))
    (model ${KISYS3DMOD}/Resistor_SMD.3dshapes/R_0603_1608Metric.wrl
      (at (xyz 0 0 0))
      (scale (xyz 1 1 1))
      (rotate (xyz 0 0 0))
    )
  )

  (module Resistor_SMD:R_0603_1608Metric (layer F.Cu) (tedit 5B301BBD) (tstamp 5D3B7F3D)
    (at 3.81 13.335 180)
    (descr "Resistor SMD 0603 (1608 Metric), square (rectangular) end terminal, IPC_7351 nominal, (Body size source: http://www.tortai-tech.com/upload/download/2011102023233369053.pdf), generated with kicad-footprint-generator")
    (tags resistor)
    (path /5D35D756)
    (attr smd)
    (fp_text reference R7 (at 0 -1.43) (layer F.SilkS)
      (effects (font (size 1 1) (thickness 0.15)))
    )
    (fp_text value 10k (at 0 1.43) (layer F.Fab)
      (effects (font (size 1 1) (thickness 0.15)))
    )
    (fp_text user %R (at 0 0) (layer F.Fab)
      (effects (font (size 0.4 0.4) (thickness 0.06)))
    )
    (fp_line (start 1.48 0.73) (end -1.48 0.73) (layer F.CrtYd) (width 0.05))
    (fp_line (start 1.48 -0.73) (end 1.48 0.73) (layer F.CrtYd) (width 0.05))
    (fp_line (start -1.48 -0.73) (end 1.48 -0.73) (layer F.CrtYd) (width 0.05))
    (fp_line (start -1.48 0.73) (end -1.48 -0.73) (layer F.CrtYd) (width 0.05))
    (fp_line (start -0.162779 0.51) (end 0.162779 0.51) (layer F.SilkS) (width 0.12))
    (fp_line (start -0.162779 -0.51) (end 0.162779 -0.51) (layer F.SilkS) (width 0.12))
    (fp_line (start 0.8 0.4) (end -0.8 0.4) (layer F.Fab) (width 0.1))
    (fp_line (start 0.8 -0.4) (end 0.8 0.4) (layer F.Fab) (width 0.1))
    (fp_line (start -0.8 -0.4) (end 0.8 -0.4) (layer F.Fab) (width 0.1))
    (fp_line (start -0.8 0.4) (end -0.8 -0.4) (layer F.Fab) (width 0.1))
    (pad 2 smd roundrect (at 0.7875 0 180) (size 0.875 0.95) (layers F.Cu F.Paste F.Mask) (roundrect_rratio 0.25)
      (net 12 /RIGHT))
    (pad 1 smd roundrect (at -0.7875 0 180) (size 0.875 0.95) (layers F.Cu F.Paste F.Mask) (roundrect_rratio 0.25)
      (net 1 +5V))
    (model ${KISYS3DMOD}/Resistor_SMD.3dshapes/R_0603_1608Metric.wrl
      (at (xyz 0 0 0))
      (scale (xyz 1 1 1))
      (rotate (xyz 0 0 0))
    )
  )

  (module Resistor_SMD:R_0603_1608Metric (layer F.Cu) (tedit 5B301BBD) (tstamp 5D3B7F4E)
    (at 11.43 1.905)
    (descr "Resistor SMD 0603 (1608 Metric), square (rectangular) end terminal, IPC_7351 nominal, (Body size source: http://www.tortai-tech.com/upload/download/2011102023233369053.pdf), generated with kicad-footprint-generator")
    (tags resistor)
    (path /5D35E806)
    (attr smd)
    (fp_text reference R8 (at 0 -1.43) (layer F.SilkS)
      (effects (font (size 1 1) (thickness 0.15)))
    )
    (fp_text value 10k (at 0 1.43) (layer F.Fab)
      (effects (font (size 1 1) (thickness 0.15)))
    )
    (fp_line (start -0.8 0.4) (end -0.8 -0.4) (layer F.Fab) (width 0.1))
    (fp_line (start -0.8 -0.4) (end 0.8 -0.4) (layer F.Fab) (width 0.1))
    (fp_line (start 0.8 -0.4) (end 0.8 0.4) (layer F.Fab) (width 0.1))
    (fp_line (start 0.8 0.4) (end -0.8 0.4) (layer F.Fab) (width 0.1))
    (fp_line (start -0.162779 -0.51) (end 0.162779 -0.51) (layer F.SilkS) (width 0.12))
    (fp_line (start -0.162779 0.51) (end 0.162779 0.51) (layer F.SilkS) (width 0.12))
    (fp_line (start -1.48 0.73) (end -1.48 -0.73) (layer F.CrtYd) (width 0.05))
    (fp_line (start -1.48 -0.73) (end 1.48 -0.73) (layer F.CrtYd) (width 0.05))
    (fp_line (start 1.48 -0.73) (end 1.48 0.73) (layer F.CrtYd) (width 0.05))
    (fp_line (start 1.48 0.73) (end -1.48 0.73) (layer F.CrtYd) (width 0.05))
    (fp_text user %R (at 0 0) (layer F.Fab)
      (effects (font (size 0.4 0.4) (thickness 0.06)))
    )
    (pad 1 smd roundrect (at -0.7875 0) (size 0.875 0.95) (layers F.Cu F.Paste F.Mask) (roundrect_rratio 0.25)
      (net 1 +5V))
    (pad 2 smd roundrect (at 0.7875 0) (size 0.875 0.95) (layers F.Cu F.Paste F.Mask) (roundrect_rratio 0.25)
      (net 13 /DOWN))
    (model ${KISYS3DMOD}/Resistor_SMD.3dshapes/R_0603_1608Metric.wrl
      (at (xyz 0 0 0))
      (scale (xyz 1 1 1))
      (rotate (xyz 0 0 0))
    )
  )

  (module Resistor_SMD:R_0603_1608Metric (layer F.Cu) (tedit 5B301BBD) (tstamp 5D3B7F5F)
    (at 11.43 13.97)
    (descr "Resistor SMD 0603 (1608 Metric), square (rectangular) end terminal, IPC_7351 nominal, (Body size source: http://www.tortai-tech.com/upload/download/2011102023233369053.pdf), generated with kicad-footprint-generator")
    (tags resistor)
    (path /5D35E827)
    (attr smd)
    (fp_text reference R9 (at 0 -1.43) (layer F.SilkS)
      (effects (font (size 1 1) (thickness 0.15)))
    )
    (fp_text value 10k (at 0 1.43) (layer F.Fab)
      (effects (font (size 1 1) (thickness 0.15)))
    )
    (fp_text user %R (at 0 0) (layer F.Fab)
      (effects (font (size 0.4 0.4) (thickness 0.06)))
    )
    (fp_line (start 1.48 0.73) (end -1.48 0.73) (layer F.CrtYd) (width 0.05))
    (fp_line (start 1.48 -0.73) (end 1.48 0.73) (layer F.CrtYd) (width 0.05))
    (fp_line (start -1.48 -0.73) (end 1.48 -0.73) (layer F.CrtYd) (width 0.05))
    (fp_line (start -1.48 0.73) (end -1.48 -0.73) (layer F.CrtYd) (width 0.05))
    (fp_line (start -0.162779 0.51) (end 0.162779 0.51) (layer F.SilkS) (width 0.12))
    (fp_line (start -0.162779 -0.51) (end 0.162779 -0.51) (layer F.SilkS) (width 0.12))
    (fp_line (start 0.8 0.4) (end -0.8 0.4) (layer F.Fab) (width 0.1))
    (fp_line (start 0.8 -0.4) (end 0.8 0.4) (layer F.Fab) (width 0.1))
    (fp_line (start -0.8 -0.4) (end 0.8 -0.4) (layer F.Fab) (width 0.1))
    (fp_line (start -0.8 0.4) (end -0.8 -0.4) (layer F.Fab) (width 0.1))
    (pad 2 smd roundrect (at 0.7875 0) (size 0.875 0.95) (layers F.Cu F.Paste F.Mask) (roundrect_rratio 0.25)
      (net 14 /LEFT))
    (pad 1 smd roundrect (at -0.7875 0) (size 0.875 0.95) (layers F.Cu F.Paste F.Mask) (roundrect_rratio 0.25)
      (net 1 +5V))
    (model ${KISYS3DMOD}/Resistor_SMD.3dshapes/R_0603_1608Metric.wrl
      (at (xyz 0 0 0))
      (scale (xyz 1 1 1))
      (rotate (xyz 0 0 0))
    )
  )

  (gr_line (start 0 15.24) (end 0 0) (layer Edge.Cuts) (width 0.05) (tstamp 5D3B832D))
  (gr_line (start 15.24 15.24) (end 0 15.24) (layer Edge.Cuts) (width 0.05))
  (gr_line (start 15.24 0) (end 15.24 15.24) (layer Edge.Cuts) (width 0.05))
  (gr_line (start 0 0) (end 15.24 0) (layer Edge.Cuts) (width 0.05))

  (segment (start 10.78 12.18) (end 10.78 12.33) (width 0.25) (layer F.Cu) (net 1))
  (segment (start 11.305001 11.654999) (end 10.78 12.18) (width 0.25) (layer F.Cu) (net 1))
  (segment (start 12.772499 11.654999) (end 11.305001 11.654999) (width 0.25) (layer F.Cu) (net 1))
  (segment (start 13.335 12.2175) (end 12.772499 11.654999) (width 0.25) (layer F.Cu) (net 1))
  (segment (start 10.6425 12.4675) (end 10.78 12.33) (width 0.25) (layer F.Cu) (net 1))
  (segment (start 10.6425 13.97) (end 10.6425 12.4675) (width 0.25) (layer F.Cu) (net 1))
  (segment (start 3.585001 11.305001) (end 3.06 10.78) (width 0.25) (layer F.Cu) (net 1))
  (segment (start 3.585001 12.322501) (end 3.585001 11.305001) (width 0.25) (layer F.Cu) (net 1))
  (segment (start 3.06 10.78) (end 2.91 10.78) (width 0.25) (layer F.Cu) (net 1))
  (segment (start 4.5975 13.335) (end 3.585001 12.322501) (width 0.25) (layer F.Cu) (net 1))
  (segment (start 2.7725 10.6425) (end 2.91 10.78) (width 0.25) (layer F.Cu) (net 1))
  (segment (start 1.27 10.6425) (end 2.7725 10.6425) (width 0.25) (layer F.Cu) (net 1))
  (segment (start 12.4675 4.5975) (end 12.33 4.46) (width 0.25) (layer F.Cu) (net 1))
  (segment (start 13.97 4.5975) (end 12.4675 4.5975) (width 0.25) (layer F.Cu) (net 1))
  (segment (start 7.62 1.27) (end 4.5975 1.27) (width 0.25) (layer F.Cu) (net 1))
  (segment (start 4.46 1.4075) (end 4.5975 1.27) (width 0.25) (layer F.Cu) (net 1))
  (segment (start 4.46 2.91) (end 4.46 1.4075) (width 0.25) (layer F.Cu) (net 1))
  (segment (start 2.467501 3.585001) (end 2.366612 3.484112) (width 0.25) (layer F.Cu) (net 1))
  (segment (start 2.366612 3.484112) (end 1.905 3.0225) (width 0.25) (layer F.Cu) (net 1))
  (segment (start 3.784999 3.585001) (end 2.467501 3.585001) (width 0.25) (layer F.Cu) (net 1))
  (segment (start 4.46 2.91) (end 3.784999 3.585001) (width 0.25) (layer F.Cu) (net 1))
  (via (at 9.525 13.97) (size 0.8) (drill 0.4) (layers F.Cu B.Cu) (net 1))
  (segment (start 10.6425 13.97) (end 9.525 13.97) (width 0.25) (layer F.Cu) (net 1))
  (via (at 5.715 13.335) (size 0.8) (drill 0.4) (layers F.Cu B.Cu) (net 1))
  (segment (start 5.905001 13.144999) (end 5.715 13.335) (width 0.25) (layer B.Cu) (net 1))
  (segment (start 9.525 13.97) (end 8.699999 13.144999) (width 0.25) (layer B.Cu) (net 1))
  (segment (start 8.699999 13.144999) (end 5.905001 13.144999) (width 0.25) (layer B.Cu) (net 1))
  (segment (start 5.715 13.335) (end 4.5975 13.335) (width 0.25) (layer F.Cu) (net 1))
  (segment (start 8.255 1.905) (end 10.105 1.905) (width 0.25) (layer F.Cu) (net 1))
  (segment (start 10.105 1.905) (end 10.6425 1.905) (width 0.25) (layer F.Cu) (net 1))
  (segment (start 7.62 1.27) (end 8.255 1.905) (width 0.25) (layer F.Cu) (net 1))
  (via (at 3.175 7.62) (size 0.8) (drill 0.4) (layers F.Cu B.Cu) (net 1))
  (segment (start 2.91 10.78) (end 2.91 7.885) (width 0.25) (layer F.Cu) (net 1))
  (segment (start 2.91 7.885) (end 3.175 7.62) (width 0.25) (layer F.Cu) (net 1))
  (segment (start 7.62 3.175) (end 7.62 1.27) (width 0.25) (layer B.Cu) (net 1))
  (segment (start 3.175 7.62) (end 7.62 3.175) (width 0.25) (layer B.Cu) (net 1))
  (segment (start 12.33 4.46) (end 12.18 4.46) (width 0.25) (layer F.Cu) (net 1))
  (segment (start 11.104112 2.366612) (end 10.6425 1.905) (width 0.25) (layer F.Cu) (net 1))
  (segment (start 11.73 4.01) (end 11.73 3.86) (width 0.25) (layer F.Cu) (net 1))
  (segment (start 11.205001 2.467501) (end 11.104112 2.366612) (width 0.25) (layer F.Cu) (net 1))
  (segment (start 12.18 4.46) (end 11.73 4.01) (width 0.25) (layer F.Cu) (net 1))
  (segment (start 11.205001 3.335001) (end 11.205001 2.467501) (width 0.25) (layer F.Cu) (net 1))
  (segment (start 11.73 3.86) (end 11.205001 3.335001) (width 0.25) (layer F.Cu) (net 1))
  (segment (start 11.43 9.93) (end 11.43 10.53) (width 0.25) (layer F.Cu) (net 2))
  (segment (start 11.505001 9.854999) (end 11.43 9.93) (width 0.25) (layer F.Cu) (net 2))
  (segment (start 12.547499 9.854999) (end 11.505001 9.854999) (width 0.25) (layer F.Cu) (net 2))
  (segment (start 13.335 10.6425) (end 12.547499 9.854999) (width 0.25) (layer F.Cu) (net 2))
  (segment (start 7.62 13.74) (end 7.62 13.97) (width 0.25) (layer F.Cu) (net 2))
  (segment (start 5.31 11.43) (end 7.62 13.74) (width 0.25) (layer F.Cu) (net 2))
  (segment (start 4.71 11.43) (end 5.31 11.43) (width 0.25) (layer F.Cu) (net 2))
  (segment (start 8.119999 13.470001) (end 7.62 13.97) (width 0.25) (layer F.Cu) (net 2))
  (segment (start 10.384999 11.205001) (end 8.119999 13.470001) (width 0.25) (layer F.Cu) (net 2))
  (segment (start 11.240001 11.205001) (end 10.384999 11.205001) (width 0.25) (layer F.Cu) (net 2))
  (segment (start 11.43 11.015002) (end 11.240001 11.205001) (width 0.25) (layer F.Cu) (net 2))
  (segment (start 11.43 10.53) (end 11.43 11.015002) (width 0.25) (layer F.Cu) (net 2))
  (segment (start 3.734999 5.385001) (end 3.81 5.31) (width 0.25) (layer F.Cu) (net 2))
  (segment (start 2.692501 5.385001) (end 3.734999 5.385001) (width 0.25) (layer F.Cu) (net 2))
  (segment (start 3.81 5.31) (end 3.81 4.71) (width 0.25) (layer F.Cu) (net 2))
  (segment (start 1.905 4.5975) (end 2.692501 5.385001) (width 0.25) (layer F.Cu) (net 2))
  (segment (start 4.224998 3.81) (end 3.81 4.224998) (width 0.25) (layer F.Cu) (net 2))
  (segment (start 3.81 4.224998) (end 3.81 4.71) (width 0.25) (layer F.Cu) (net 2))
  (via (at 9.525 0.635) (size 0.8) (drill 0.4) (layers F.Cu B.Cu) (net 2))
  (segment (start 9.525 0.635) (end 8.89 0.635) (width 0.25) (layer B.Cu) (net 2))
  (segment (start 8.89 0.635) (end 8.445001 1.079999) (width 0.25) (layer B.Cu) (net 2))
  (via (at 8.255 3.81) (size 0.8) (drill 0.4) (layers F.Cu B.Cu) (net 2))
  (segment (start 8.255 3.81) (end 4.224998 3.81) (width 0.25) (layer F.Cu) (net 2))
  (segment (start 10.53 3.81) (end 8.255 3.81) (width 0.25) (layer F.Cu) (net 2))
  (segment (start 8.445001 1.666001) (end 8.255 1.856002) (width 0.25) (layer B.Cu) (net 2))
  (segment (start 8.445001 1.079999) (end 8.445001 1.666001) (width 0.25) (layer B.Cu) (net 2))
  (segment (start 8.255 1.856002) (end 8.255 3.81) (width 0.25) (layer B.Cu) (net 2))
  (segment (start 14.695002 0.921998) (end 14.318002 0.544998) (width 0.25) (layer F.Cu) (net 2))
  (segment (start 14.318002 0.544998) (end 10.180687 0.544998) (width 0.25) (layer F.Cu) (net 2))
  (segment (start 13.97 3.0225) (end 14.695002 2.297498) (width 0.25) (layer F.Cu) (net 2))
  (segment (start 10.180687 0.544998) (end 10.090685 0.635) (width 0.25) (layer F.Cu) (net 2))
  (segment (start 14.695002 2.297498) (end 14.695002 0.921998) (width 0.25) (layer F.Cu) (net 2))
  (segment (start 10.090685 0.635) (end 9.525 0.635) (width 0.25) (layer F.Cu) (net 2))
  (segment (start 0.544998 14.318002) (end 0.921998 14.695002) (width 0.25) (layer F.Cu) (net 2))
  (segment (start 6.894998 14.695002) (end 7.120001 14.469999) (width 0.25) (layer F.Cu) (net 2))
  (segment (start 7.120001 14.469999) (end 7.62 13.97) (width 0.25) (layer F.Cu) (net 2))
  (segment (start 0.544998 12.942502) (end 0.544998 14.318002) (width 0.25) (layer F.Cu) (net 2))
  (segment (start 1.27 12.2175) (end 0.544998 12.942502) (width 0.25) (layer F.Cu) (net 2))
  (segment (start 0.921998 14.695002) (end 6.894998 14.695002) (width 0.25) (layer F.Cu) (net 2))
  (segment (start 11.205001 9.554999) (end 11.205001 3.999999) (width 0.25) (layer F.Cu) (net 2))
  (segment (start 11.505001 9.854999) (end 11.205001 9.554999) (width 0.25) (layer F.Cu) (net 2))
  (segment (start 11.015002 3.81) (end 10.53 3.81) (width 0.25) (layer F.Cu) (net 2))
  (segment (start 11.205001 3.999999) (end 11.015002 3.81) (width 0.25) (layer F.Cu) (net 2))
  (segment (start 3.16 1.4075) (end 3.0225 1.27) (width 0.25) (layer F.Cu) (net 11))
  (segment (start 3.16 2.91) (end 3.16 1.4075) (width 0.25) (layer F.Cu) (net 11))
  (segment (start 1.10499 5.477884) (end 1.27 5.642894) (width 0.25) (layer F.Cu) (net 11))
  (segment (start 1.10499 2.578516) (end 1.10499 5.477884) (width 0.25) (layer F.Cu) (net 11))
  (segment (start 1.27 5.642894) (end 1.27 6.35) (width 0.25) (layer F.Cu) (net 11))
  (segment (start 2.413506 1.27) (end 1.10499 2.578516) (width 0.25) (layer F.Cu) (net 11))
  (segment (start 3.0225 1.27) (end 2.413506 1.27) (width 0.25) (layer F.Cu) (net 11))
  (segment (start 3.0225 12.1925) (end 2.91 12.08) (width 0.25) (layer F.Cu) (net 12))
  (segment (start 3.0225 13.335) (end 3.0225 12.1925) (width 0.25) (layer F.Cu) (net 12))
  (via (at 1.27 13.97) (size 0.8) (drill 0.4) (layers F.Cu B.Cu) (net 12))
  (segment (start 3.0225 13.335) (end 1.905 13.335) (width 0.25) (layer F.Cu) (net 12))
  (segment (start 1.905 13.335) (end 1.27 13.97) (width 0.25) (layer F.Cu) (net 12))
  (segment (start 1.27 13.97) (end 1.27 8.89) (width 0.25) (layer B.Cu) (net 12))
  (segment (start 12.33 2.0175) (end 12.2175 1.905) (width 0.25) (layer F.Cu) (net 13))
  (segment (start 12.33 3.16) (end 12.33 2.0175) (width 0.25) (layer F.Cu) (net 13))
  (segment (start 12.2175 1.905) (end 13.335 1.905) (width 0.25) (layer F.Cu) (net 13))
  (segment (start 13.335 1.905) (end 13.97 1.27) (width 0.25) (layer F.Cu) (net 13))
  (via (at 13.97 1.27) (size 0.8) (drill 0.4) (layers F.Cu B.Cu) (net 13))
  (segment (start 13.97 1.27) (end 13.97 6.35) (width 0.25) (layer B.Cu) (net 13))
  (segment (start 12.2175 12.4675) (end 12.08 12.33) (width 0.25) (layer F.Cu) (net 14))
  (segment (start 12.2175 13.97) (end 12.2175 12.4675) (width 0.25) (layer F.Cu) (net 14))
  (segment (start 14.13501 9.762116) (end 13.97 9.597106) (width 0.25) (layer F.Cu) (net 14))
  (segment (start 14.13501 12.661484) (end 14.13501 9.762116) (width 0.25) (layer F.Cu) (net 14))
  (segment (start 13.97 9.597106) (end 13.97 8.89) (width 0.25) (layer F.Cu) (net 14))
  (segment (start 12.826494 13.97) (end 14.13501 12.661484) (width 0.25) (layer F.Cu) (net 14))
  (segment (start 12.2175 13.97) (end 12.826494 13.97) (width 0.25) (layer F.Cu) (net 14))

  (zone (net 2) (net_name GND) (layer B.Cu) (tstamp 0) (hatch edge 0.508)
    (connect_pads (clearance 0.508))
    (min_thickness 0.254)
    (fill yes (arc_segments 32) (thermal_gap 0.508) (thermal_bridge_width 0.508))
    (polygon
      (pts
        (xy 15.24 0) (xy 0 0) (xy 0 15.24) (xy 15.24 15.24)
      )
    )
    (filled_polygon
      (pts
        (xy 6.614176 0.732376) (xy 6.528617 0.938933) (xy 6.485 1.158212) (xy 6.485 1.381788) (xy 6.528617 1.601067)
        (xy 6.614176 1.807624) (xy 6.738388 1.99352) (xy 6.860001 2.115133) (xy 6.86 2.860198) (xy 3.135199 6.585)
        (xy 3.073061 6.585) (xy 2.873102 6.624774) (xy 2.684744 6.702795) (xy 2.515226 6.816063) (xy 2.371063 6.960226)
