(kicad_pcb (version 20171130) (host pcbnew 5.0.1)

  (general
    (thickness 1.6)
    (drawings 13)
    (tracks 121)
    (zones 0)
    (modules 16)
    (nets 12)
  )

  (page A4)
  (layers
    (0 F.Cu signal)
    (31 B.Cu signal)
    (32 B.Adhes user)
    (33 F.Adhes user)
    (34 B.Paste user)
    (35 F.Paste user)
    (36 B.SilkS user)
    (37 F.SilkS user)
    (38 B.Mask user)
    (39 F.Mask user)
    (40 Dwgs.User user)
    (41 Cmts.User user)
    (42 Eco1.User user)
    (43 Eco2.User user)
    (44 Edge.Cuts user)
    (45 Margin user)
    (46 B.CrtYd user)
    (47 F.CrtYd user)
    (48 B.Fab user)
    (49 F.Fab user)
  )

  (setup
    (last_trace_width 0.25)
    (trace_clearance 0.2)
    (zone_clearance 0.508)
    (zone_45_only no)
    (trace_min 0.2)
    (segment_width 0.2)
    (edge_width 0.15)
    (via_size 0.8)
    (via_drill 0.4)
    (via_min_size 0.4)
    (via_min_drill 0.3)
    (uvia_size 0.3)
    (uvia_drill 0.1)
    (uvias_allowed no)
    (uvia_min_size 0.2)
    (uvia_min_drill 0.1)
    (pcb_text_width 0.3)
    (pcb_text_size 1.5 1.5)
    (mod_edge_width 0.15)
    (mod_text_size 1 1)
    (mod_text_width 0.15)
    (pad_size 1.524 1.524)
    (pad_drill 0.762)
    (pad_to_mask_clearance 0.051)
    (solder_mask_min_width 0.25)
    (aux_axis_origin 0 0)
    (visible_elements FFFFFF7F)
    (pcbplotparams
      (layerselection 0x010fc_ffffffff)
      (usegerberextensions false)
      (usegerberattributes false)
      (usegerberadvancedattributes false)
      (creategerberjobfile false)
      (excludeedgelayer true)
      (linewidth 0.100000)
      (plotframeref false)
      (viasonmask false)
      (mode 1)
      (useauxorigin false)
      (hpglpennumber 1)
      (hpglpenspeed 20)
      (hpglpendiameter 15.000000)
      (psnegative false)
      (psa4output false)
      (plotreference true)
      (plotvalue true)
      (plotinvisibletext false)
      (padsonsilk false)
      (subtractmaskfromsilk false)
      (outputformat 1)
      (mirror false)
      (drillshape 1)
      (scaleselection 1)
      (outputdirectory ""))
  )

  (net 0 "")
  (net 1 GND)
  (net 2 +3V3)
  (net 3 "Net-(C5-Pad2)")
  (net 4 "Net-(C5-Pad1)")
  (net 5 "Net-(C6-Pad1)")
  (net 6 "Net-(Q1-Pad1)")
  (net 7 "Net-(J1-Pad6)")
  (net 8 "Net-(J1-Pad5)")
  (net 9 "Net-(J1-Pad4)")
  (net 10 "Net-(J1-Pad3)")
  (net 11 "Net-(J1-Pad2)")

  (net_class Default "This is the default net class."
    (clearance 0.2)
    (trace_width 0.25)
    (via_dia 0.8)
    (via_drill 0.4)
    (uvia_dia 0.3)
    (uvia_drill 0.1)
    (add_net +3V3)
    (add_net GND)
    (add_net "Net-(C5-Pad1)")
    (add_net "Net-(C5-Pad2)")
    (add_net "Net-(C6-Pad1)")
    (add_net "Net-(J1-Pad2)")
    (add_net "Net-(J1-Pad3)")
    (add_net "Net-(J1-Pad4)")
    (add_net "Net-(J1-Pad5)")
    (add_net "Net-(J1-Pad6)")
    (add_net "Net-(Q1-Pad1)")
  )

  (module Capacitor_SMD:C_1206_3216Metric (layer F.Cu) (tedit 5B301BBE) (tstamp 5C7D84F0)
    (at -10.16 -4.445 90)
    (descr "Capacitor SMD 1206 (3216 Metric), square (rectangular) end terminal, IPC_7351 nominal, (Body size source: http://www.tortai-tech.com/upload/download/2011102023233369053.pdf), generated with kicad-footprint-generator")
    (tags capacitor)
    (path /5C731377)
    (attr smd)
    (fp_text reference C1 (at 0 -1.82 90) (layer F.SilkS)
      (effects (font (size 1 1) (thickness 0.15)))
    )
    (fp_text value 3.3uF (at 0 1.82 90) (layer F.Fab)
      (effects (font (size 1 1) (thickness 0.15)))
    )
    (fp_text user %R (at 0 0 90) (layer F.Fab)
      (effects (font (size 0.8 0.8) (thickness 0.12)))
    )
    (fp_line (start 2.28 1.12) (end -2.28 1.12) (layer F.CrtYd) (width 0.05))
    (fp_line (start 2.28 -1.12) (end 2.28 1.12) (layer F.CrtYd) (width 0.05))
    (fp_line (start -2.28 -1.12) (end 2.28 -1.12) (layer F.CrtYd) (width 0.05))
    (fp_line (start -2.28 1.12) (end -2.28 -1.12) (layer F.CrtYd) (width 0.05))
    (fp_line (start -0.602064 0.91) (end 0.602064 0.91) (layer F.SilkS) (width 0.12))
    (fp_line (start -0.602064 -0.91) (end 0.602064 -0.91) (layer F.SilkS) (width 0.12))
    (fp_line (start 1.6 0.8) (end -1.6 0.8) (layer F.Fab) (width 0.1))
    (fp_line (start 1.6 -0.8) (end 1.6 0.8) (layer F.Fab) (width 0.1))
    (fp_line (start -1.6 -0.8) (end 1.6 -0.8) (layer F.Fab) (width 0.1))
    (fp_line (start -1.6 0.8) (end -1.6 -0.8) (layer F.Fab) (width 0.1))
    (pad 2 smd roundrect (at 1.4 0 90) (size 1.25 1.75) (layers F.Cu F.Paste F.Mask) (roundrect_rratio 0.2)
      (net 1 GND))
    (pad 1 smd roundrect (at -1.4 0 90) (size 1.25 1.75) (layers F.Cu F.Paste F.Mask) (roundrect_rratio 0.2)
      (net 2 +3V3))
    (model ${KISYS3DMOD}/Capacitor_SMD.3dshapes/C_1206_3216Metric.wrl
      (at (xyz 0 0 0))
      (scale (xyz 1 1 1))
      (rotate (xyz 0 0 0))
    )
  )

  (module Capacitor_SMD:C_0603_1608Metric (layer F.Cu) (tedit 5B301BBE) (tstamp 5C7D8501)
    (at -8.255 -3.81 90)
    (descr "Capacitor SMD 0603 (1608 Metric), square (rectangular) end terminal, IPC_7351 nominal, (Body size source: http://www.tortai-tech.com/upload/download/2011102023233369053.pdf), generated with kicad-footprint-generator")
    (tags capacitor)
    (path /5C715841)
    (attr smd)
    (fp_text reference C2 (at 0 -1.43 90) (layer F.SilkS)
      (effects (font (size 1 1) (thickness 0.15)))
    )
    (fp_text value 100nF (at 0 1.43 90) (layer F.Fab)
      (effects (font (size 1 1) (thickness 0.15)))
    )
    (fp_text user %R (at 0 0 90) (layer F.Fab)
      (effects (font (size 0.4 0.4) (thickness 0.06)))
    )
    (fp_line (start 1.48 0.73) (end -1.48 0.73) (layer F.CrtYd) (width 0.05))
    (fp_line (start 1.48 -0.73) (end 1.48 0.73) (layer F.CrtYd) (width 0.05))
    (fp_line (start -1.48 -0.73) (end 1.48 -0.73) (layer F.CrtYd) (width 0.05))
    (fp_line (start -1.48 0.73) (end -1.48 -0.73) (layer F.CrtYd) (width 0.05))
    (fp_line (start -0.162779 0.51) (end 0.162779 0.51) (layer F.SilkS) (width 0.12))
    (fp_line (start -0.162779 -0.51) (end 0.162779 -0.51) (layer F.SilkS) (width 0.12))
    (fp_line (start 0.8 0.4) (end -0.8 0.4) (layer F.Fab) (width 0.1))
    (fp_line (start 0.8 -0.4) (end 0.8 0.4) (layer F.Fab) (width 0.1))
    (fp_line (start -0.8 -0.4) (end 0.8 -0.4) (layer F.Fab) (width 0.1))
    (fp_line (start -0.8 0.4) (end -0.8 -0.4) (layer F.Fab) (width 0.1))
    (pad 2 smd roundrect (at 0.7875 0 90) (size 0.875 0.95) (layers F.Cu F.Paste F.Mask) (roundrect_rratio 0.25)
      (net 1 GND))
    (pad 1 smd roundrect (at -0.7875 0 90) (size 0.875 0.95) (layers F.Cu F.Paste F.Mask) (roundrect_rratio 0.25)
      (net 2 +3V3))
    (model ${KISYS3DMOD}/Capacitor_SMD.3dshapes/C_0603_1608Metric.wrl
      (at (xyz 0 0 0))
      (scale (xyz 1 1 1))
      (rotate (xyz 0 0 0))
    )
  )

  (module Capacitor_SMD:C_0603_1608Metric (layer F.Cu) (tedit 5B301BBE) (tstamp 5C7D8512)
    (at -8.255 6.35 90)
    (descr "Capacitor SMD 0603 (1608 Metric), square (rectangular) end terminal, IPC_7351 nominal, (Body size source: http://www.tortai-tech.com/upload/download/2011102023233369053.pdf), generated with kicad-footprint-generator")
    (tags capacitor)
    (path /5C71FA22)
    (attr smd)
    (fp_text reference C3 (at 0 -1.43 90) (layer F.SilkS)
      (effects (font (size 1 1) (thickness 0.15)))
    )
    (fp_text value 100nF (at 0 1.43 90) (layer F.Fab)
      (effects (font (size 1 1) (thickness 0.15)))
    )
    (fp_line (start -0.8 0.4) (end -0.8 -0.4) (layer F.Fab) (width 0.1))
    (fp_line (start -0.8 -0.4) (end 0.8 -0.4) (layer F.Fab) (width 0.1))
    (fp_line (start 0.8 -0.4) (end 0.8 0.4) (layer F.Fab) (width 0.1))
    (fp_line (start 0.8 0.4) (end -0.8 0.4) (layer F.Fab) (width 0.1))
    (fp_line (start -0.162779 -0.51) (end 0.162779 -0.51) (layer F.SilkS) (width 0.12))
    (fp_line (start -0.162779 0.51) (end 0.162779 0.51) (layer F.SilkS) (width 0.12))
    (fp_line (start -1.48 0.73) (end -1.48 -0.73) (layer F.CrtYd) (width 0.05))
    (fp_line (start -1.48 -0.73) (end 1.48 -0.73) (layer F.CrtYd) (width 0.05))
    (fp_line (start 1.48 -0.73) (end 1.48 0.73) (layer F.CrtYd) (width 0.05))
    (fp_line (start 1.48 0.73) (end -1.48 0.73) (layer F.CrtYd) (width 0.05))
    (fp_text user %R (at 0 0 90) (layer F.Fab)
      (effects (font (size 0.4 0.4) (thickness 0.06)))
    )
    (pad 1 smd roundrect (at -0.7875 0 90) (size 0.875 0.95) (layers F.Cu F.Paste F.Mask) (roundrect_rratio 0.25)
      (net 1 GND))
    (pad 2 smd roundrect (at 0.7875 0 90) (size 0.875 0.95) (layers F.Cu F.Paste F.Mask) (roundrect_rratio 0.25)
      (net 2 +3V3))
    (model ${KISYS3DMOD}/Capacitor_SMD.3dshapes/C_0603_1608Metric.wrl
      (at (xyz 0 0 0))
      (scale (xyz 1 1 1))
      (rotate (xyz 0 0 0))
    )
  )

  (module Capacitor_SMD:C_1206_3216Metric (layer F.Cu) (tedit 5B301BBE) (tstamp 5C7D8523)
    (at -10.16 5.845 90)
    (descr "Capacitor SMD 1206 (3216 Metric), square (rectangular) end terminal, IPC_7351 nominal, (Body size source: http://www.tortai-tech.com/upload/download/2011102023233369053.pdf), generated with kicad-footprint-generator")
    (tags capacitor)
    (path /5C7185B4)
    (attr smd)
    (fp_text reference C4 (at 0 -1.82 90) (layer F.SilkS)
      (effects (font (size 1 1) (thickness 0.15)))
    )
    (fp_text value 10uF (at 0 1.82 90) (layer F.Fab)
      (effects (font (size 1 1) (thickness 0.15)))
    )
    (fp_line (start -1.6 0.8) (end -1.6 -0.8) (layer F.Fab) (width 0.1))
    (fp_line (start -1.6 -0.8) (end 1.6 -0.8) (layer F.Fab) (width 0.1))
    (fp_line (start 1.6 -0.8) (end 1.6 0.8) (layer F.Fab) (width 0.1))
    (fp_line (start 1.6 0.8) (end -1.6 0.8) (layer F.Fab) (width 0.1))
    (fp_line (start -0.602064 -0.91) (end 0.602064 -0.91) (layer F.SilkS) (width 0.12))
    (fp_line (start -0.602064 0.91) (end 0.602064 0.91) (layer F.SilkS) (width 0.12))
    (fp_line (start -2.28 1.12) (end -2.28 -1.12) (layer F.CrtYd) (width 0.05))
    (fp_line (start -2.28 -1.12) (end 2.28 -1.12) (layer F.CrtYd) (width 0.05))
    (fp_line (start 2.28 -1.12) (end 2.28 1.12) (layer F.CrtYd) (width 0.05))
    (fp_line (start 2.28 1.12) (end -2.28 1.12) (layer F.CrtYd) (width 0.05))
    (fp_text user %R (at 0 0 90) (layer F.Fab)
      (effects (font (size 0.8 0.8) (thickness 0.12)))
    )
    (pad 1 smd roundrect (at -1.4 0 90) (size 1.25 1.75) (layers F.Cu F.Paste F.Mask) (roundrect_rratio 0.2)
      (net 1 GND))
    (pad 2 smd roundrect (at 1.4 0 90) (size 1.25 1.75) (layers F.Cu F.Paste F.Mask) (roundrect_rratio 0.2)
      (net 2 +3V3))
    (model ${KISYS3DMOD}/Capacitor_SMD.3dshapes/C_1206_3216Metric.wrl
      (at (xyz 0 0 0))
      (scale (xyz 1 1 1))
      (rotate (xyz 0 0 0))
    )
  )

  (module Capacitor_SMD:C_0603_1608Metric (layer F.Cu) (tedit 5B301BBE) (tstamp 5C7D8534)
    (at 1.27 6.985 180)
    (descr "Capacitor SMD 0603 (1608 Metric), square (rectangular) end terminal, IPC_7351 nominal, (Body size source: http://www.tortai-tech.com/upload/download/2011102023233369053.pdf), generated with kicad-footprint-generator")
    (tags capacitor)
    (path /5C713A0B)
    (attr smd)
    (fp_text reference C5 (at 0 -1.43 180) (layer F.SilkS)
      (effects (font (size 1 1) (thickness 0.15)))
    )
    (fp_text value 470pF (at 0 1.43 180) (layer F.Fab)
      (effects (font (size 1 1) (thickness 0.15)))
    )
    (fp_text user %R (at 0 0 180) (layer F.Fab)
      (effects (font (size 0.4 0.4) (thickness 0.06)))
    )
    (fp_line (start 1.48 0.73) (end -1.48 0.73) (layer F.CrtYd) (width 0.05))
    (fp_line (start 1.48 -0.73) (end 1.48 0.73) (layer F.CrtYd) (width 0.05))
    (fp_line (start -1.48 -0.73) (end 1.48 -0.73) (layer F.CrtYd) (width 0.05))
    (fp_line (start -1.48 0.73) (end -1.48 -0.73) (layer F.CrtYd) (width 0.05))
    (fp_line (start -0.162779 0.51) (end 0.162779 0.51) (layer F.SilkS) (width 0.12))
    (fp_line (start -0.162779 -0.51) (end 0.162779 -0.51) (layer F.SilkS) (width 0.12))
    (fp_line (start 0.8 0.4) (end -0.8 0.4) (layer F.Fab) (width 0.1))
    (fp_line (start 0.8 -0.4) (end 0.8 0.4) (layer F.Fab) (width 0.1))
    (fp_line (start -0.8 -0.4) (end 0.8 -0.4) (layer F.Fab) (width 0.1))
    (fp_line (start -0.8 0.4) (end -0.8 -0.4) (layer F.Fab) (width 0.1))
    (pad 2 smd roundrect (at 0.7875 0 180) (size 0.875 0.95) (layers F.Cu F.Paste F.Mask) (roundrect_rratio 0.25)
      (net 3 "Net-(C5-Pad2)"))
    (pad 1 smd roundrect (at -0.7875 0 180) (size 0.875 0.95) (layers F.Cu F.Paste F.Mask) (roundrect_rratio 0.25)
      (net 4 "Net-(C5-Pad1)"))
    (model ${KISYS3DMOD}/Capacitor_SMD.3dshapes/C_0603_1608Metric.wrl
      (at (xyz 0 0 0))
      (scale (xyz 1 1 1))
      (rotate (xyz 0 0 0))
    )
  )

  (module Capacitor_SMD:C_0603_1608Metric (layer F.Cu) (tedit 5B301BBE) (tstamp 5C7D8545)
    (at -8.255 1.27 270)
    (descr "Capacitor SMD 0603 (1608 Metric), square (rectangular) end terminal, IPC_7351 nominal, (Body size source: http://www.tortai-tech.com/upload/download/2011102023233369053.pdf), generated with kicad-footprint-generator")
    (tags capacitor)
    (path /5C715510)
    (attr smd)
    (fp_text reference C6 (at 0 -1.43 270) (layer F.SilkS)
      (effects (font (size 1 1) (thickness 0.15)))
    )
    (fp_text value 100uF (at 0 1.43 270) (layer F.Fab)
      (effects (font (size 1 1) (thickness 0.15)))
    )
    (fp_line (start -0.8 0.4) (end -0.8 -0.4) (layer F.Fab) (width 0.1))
    (fp_line (start -0.8 -0.4) (end 0.8 -0.4) (layer F.Fab) (width 0.1))
    (fp_line (start 0.8 -0.4) (end 0.8 0.4) (layer F.Fab) (width 0.1))
    (fp_line (start 0.8 0.4) (end -0.8 0.4) (layer F.Fab) (width 0.1))
    (fp_line (start -0.162779 -0.51) (end 0.162779 -0.51) (layer F.SilkS) (width 0.12))
    (fp_line (start -0.162779 0.51) (end 0.162779 0.51) (layer F.SilkS) (width 0.12))
    (fp_line (start -1.48 0.73) (end -1.48 -0.73) (layer F.CrtYd) (width 0.05))
    (fp_line (start -1.48 -0.73) (end 1.48 -0.73) (layer F.CrtYd) (width 0.05))
    (fp_line (start 1.48 -0.73) (end 1.48 0.73) (layer F.CrtYd) (width 0.05))
    (fp_line (start 1.48 0.73) (end -1.48 0.73) (layer F.CrtYd) (width 0.05))
    (fp_text user %R (at 0 0 270) (layer F.Fab)
      (effects (font (size 0.4 0.4) (thickness 0.06)))
    )
    (pad 1 smd roundrect (at -0.7875 0 270) (size 0.875 0.95) (layers F.Cu F.Paste F.Mask) (roundrect_rratio 0.25)
      (net 5 "Net-(C6-Pad1)"))
    (pad 2 smd roundrect (at 0.7875 0 270) (size 0.875 0.95) (layers F.Cu F.Paste F.Mask) (roundrect_rratio 0.25)
      (net 1 GND))
    (model ${KISYS3DMOD}/Capacitor_SMD.3dshapes/C_0603_1608Metric.wrl
      (at (xyz 0 0 0))
      (scale (xyz 1 1 1))
      (rotate (xyz 0 0 0))
    )
  )

  (module Capacitor_SMD:C_0603_1608Metric (layer F.Cu) (tedit 5B301BBE) (tstamp 5C7D8556)
    (at -5.08 -9.525)
    (descr "Capacitor SMD 0603 (1608 Metric), square (rectangular) end terminal, IPC_7351 nominal, (Body size source: http://www.tortai-tech.com/upload/download/2011102023233369053.pdf), generated with kicad-footprint-generator")
    (tags capacitor)
    (path /5C713707)
    (attr smd)
    (fp_text reference C7 (at 0 -1.43) (layer F.SilkS)
      (effects (font (size 1 1) (thickness 0.15)))
    )
    (fp_text value 100nF (at 0 1.43) (layer F.Fab)
      (effects (font (size 1 1) (thickness 0.15)))
    )
    (fp_line (start -0.8 0.4) (end -0.8 -0.4) (layer F.Fab) (width 0.1))
    (fp_line (start -0.8 -0.4) (end 0.8 -0.4) (layer F.Fab) (width 0.1))
    (fp_line (start 0.8 -0.4) (end 0.8 0.4) (layer F.Fab) (width 0.1))
    (fp_line (start 0.8 0.4) (end -0.8 0.4) (layer F.Fab) (width 0.1))
    (fp_line (start -0.162779 -0.51) (end 0.162779 -0.51) (layer F.SilkS) (width 0.12))
    (fp_line (start -0.162779 0.51) (end 0.162779 0.51) (layer F.SilkS) (width 0.12))
    (fp_line (start -1.48 0.73) (end -1.48 -0.73) (layer F.CrtYd) (width 0.05))
    (fp_line (start -1.48 -0.73) (end 1.48 -0.73) (layer F.CrtYd) (width 0.05))
    (fp_line (start 1.48 -0.73) (end 1.48 0.73) (layer F.CrtYd) (width 0.05))
    (fp_line (start 1.48 0.73) (end -1.48 0.73) (layer F.CrtYd) (width 0.05))
    (fp_text user %R (at 0 0) (layer F.Fab)
      (effects (font (size 0.4 0.4) (thickness 0.06)))
    )
    (pad 1 smd roundrect (at -0.7875 0) (size 0.875 0.95) (layers F.Cu F.Paste F.Mask) (roundrect_rratio 0.25)
      (net 2 +3V3))
    (pad 2 smd roundrect (at 0.7875 0) (size 0.875 0.95) (layers F.Cu F.Paste F.Mask) (roundrect_rratio 0.25)
      (net 1 GND))
    (model ${KISYS3DMOD}/Capacitor_SMD.3dshapes/C_0603_1608Metric.wrl
      (at (xyz 0 0 0))
      (scale (xyz 1 1 1))
      (rotate (xyz 0 0 0))
    )
  )

  (module Capacitor_SMD:C_1206_3216Metric (layer F.Cu) (tedit 5B301BBE) (tstamp 5C7D8567)
    (at -10.16 0.635 270)
    (descr "Capacitor SMD 1206 (3216 Metric), square (rectangular) end terminal, IPC_7351 nominal, (Body size source: http://www.tortai-tech.com/upload/download/2011102023233369053.pdf), generated with kicad-footprint-generator")
    (tags capacitor)
    (path /5C715659)
    (attr smd)
    (fp_text reference C8 (at 0 -1.82 270) (layer F.SilkS)
      (effects (font (size 1 1) (thickness 0.15)))
    )
    (fp_text value 10uF (at 0 1.82 270) (layer F.Fab)
      (effects (font (size 1 1) (thickness 0.15)))
    )
    (fp_text user %R (at 0 0 270) (layer F.Fab)
      (effects (font (size 0.8 0.8) (thickness 0.12)))
    )
    (fp_line (start 2.28 1.12) (end -2.28 1.12) (layer F.CrtYd) (width 0.05))
    (fp_line (start 2.28 -1.12) (end 2.28 1.12) (layer F.CrtYd) (width 0.05))
    (fp_line (start -2.28 -1.12) (end 2.28 -1.12) (layer F.CrtYd) (width 0.05))
    (fp_line (start -2.28 1.12) (end -2.28 -1.12) (layer F.CrtYd) (width 0.05))
    (fp_line (start -0.602064 0.91) (end 0.602064 0.91) (layer F.SilkS) (width 0.12))
    (fp_line (start -0.602064 -0.91) (end 0.602064 -0.91) (layer F.SilkS) (width 0.12))
    (fp_line (start 1.6 0.8) (end -1.6 0.8) (layer F.Fab) (width 0.1))
    (fp_line (start 1.6 -0.8) (end 1.6 0.8) (layer F.Fab) (width 0.1))
    (fp_line (start -1.6 -0.8) (end 1.6 -0.8) (layer F.Fab) (width 0.1))
    (fp_line (start -1.6 0.8) (end -1.6 -0.8) (layer F.Fab) (width 0.1))
    (pad 2 smd roundrect (at 1.4 0 270) (size 1.25 1.75) (layers F.Cu F.Paste F.Mask) (roundrect_rratio 0.2)
      (net 1 GND))
    (pad 1 smd roundrect (at -1.4 0 270) (size 1.25 1.75) (layers F.Cu F.Paste F.Mask) (roundrect_rratio 0.2)
      (net 5 "Net-(C6-Pad1)"))
    (model ${KISYS3DMOD}/Capacitor_SMD.3dshapes/C_1206_3216Metric.wrl
      (at (xyz 0 0 0))
      (scale (xyz 1 1 1))
      (rotate (xyz 0 0 0))
    )
  )

  (module Capacitor_SMD:C_1206_3216Metric (layer F.Cu) (tedit 5B301BBE) (tstamp 5C7D8578)
    (at -5.08 -12.065)
    (descr "Capacitor SMD 1206 (3216 Metric), square (rectangular) end terminal, IPC_7351 nominal, (Body size source: http://www.tortai-tech.com/upload/download/2011102023233369053.pdf), generated with kicad-footprint-generator")
    (tags capacitor)
    (path /5C713785)
    (attr smd)
    (fp_text reference C9 (at 0 -1.82) (layer F.SilkS)
      (effects (font (size 1 1) (thickness 0.15)))
    )
    (fp_text value 1uF (at 0 1.82) (layer F.Fab)
      (effects (font (size 1 1) (thickness 0.15)))
    )
    (fp_line (start -1.6 0.8) (end -1.6 -0.8) (layer F.Fab) (width 0.1))
    (fp_line (start -1.6 -0.8) (end 1.6 -0.8) (layer F.Fab) (width 0.1))
    (fp_line (start 1.6 -0.8) (end 1.6 0.8) (layer F.Fab) (width 0.1))
    (fp_line (start 1.6 0.8) (end -1.6 0.8) (layer F.Fab) (width 0.1))
    (fp_line (start -0.602064 -0.91) (end 0.602064 -0.91) (layer F.SilkS) (width 0.12))
    (fp_line (start -0.602064 0.91) (end 0.602064 0.91) (layer F.SilkS) (width 0.12))
    (fp_line (start -2.28 1.12) (end -2.28 -1.12) (layer F.CrtYd) (width 0.05))
    (fp_line (start -2.28 -1.12) (end 2.28 -1.12) (layer F.CrtYd) (width 0.05))
    (fp_line (start 2.28 -1.12) (end 2.28 1.12) (layer F.CrtYd) (width 0.05))
    (fp_line (start 2.28 1.12) (end -2.28 1.12) (layer F.CrtYd) (width 0.05))
    (fp_text user %R (at 0 0) (layer F.Fab)
      (effects (font (size 0.8 0.8) (thickness 0.12)))
    )
    (pad 1 smd roundrect (at -1.4 0) (size 1.25 1.75) (layers F.Cu F.Paste F.Mask) (roundrect_rratio 0.2)
      (net 2 +3V3))
    (pad 2 smd roundrect (at 1.4 0) (size 1.25 1.75) (layers F.Cu F.Paste F.Mask) (roundrect_rratio 0.2)
      (net 1 GND))
    (model ${KISYS3DMOD}/Capacitor_SMD.3dshapes/C_1206_3216Metric.wrl
      (at (xyz 0 0 0))
      (scale (xyz 1 1 1))
      (rotate (xyz 0 0 0))
    )
  )

  (module Package_TO_SOT_SMD:SOT-416 (layer F.Cu) (tedit 5BAABB2E) (tstamp 5C7D858D)
    (at 5.7 8.255 180)
    (descr "SOT-416, https://www.nxp.com/docs/en/package-information/SOT416.pdf")
    (tags SOT-416)
    (path /5C713692)
    (attr smd)
    (fp_text reference Q1 (at 0 -2.25 180) (layer F.SilkS)
      (effects (font (size 1 1) (thickness 0.15)))
    )
    (fp_text value Q_PMOS_GDS (at 0 2.25 180) (layer F.Fab)
      (effects (font (size 1 1) (thickness 0.15)))
    )
    (fp_text user %R (at 0 0 270) (layer F.Fab)
      (effects (font (size 0.35 0.35) (thickness 0.05)))
    )
    (fp_line (start -0.45 -0.6) (end -0.45 0.9) (layer F.Fab) (width 0.1))
    (fp_line (start -0.15 -0.9) (end 0.45 -0.9) (layer F.Fab) (width 0.1))
    (fp_line (start 0.45 -0.9) (end 0.45 0.9) (layer F.Fab) (width 0.1))
    (fp_line (start -0.45 0.9) (end 0.45 0.9) (layer F.Fab) (width 0.1))
    (fp_line (start 0.51 0.96) (end 0.51 0.65) (layer F.SilkS) (width 0.12))
    (fp_line (start 0.51 -0.96) (end 0.51 -0.65) (layer F.SilkS) (width 0.12))
    (fp_line (start -1.2 -1.15) (end 1.2 -1.15) (layer F.CrtYd) (width 0.05))
    (fp_line (start 1.2 -1.15) (end 1.2 1.15) (layer F.CrtYd) (width 0.05))
    (fp_line (start 1.2 1.15) (end -1.2 1.15) (layer F.CrtYd) (width 0.05))
    (fp_line (start -1.2 1.15) (end -1.2 -1.15) (layer F.CrtYd) (width 0.05))
    (fp_line (start 0.51 -0.96) (end -0.9 -0.96) (layer F.SilkS) (width 0.12))
    (fp_line (start 0.51 0.96) (end -0.65 0.96) (layer F.SilkS) (width 0.12))
    (fp_line (start -0.15 -0.9) (end -0.45 -0.6) (layer F.Fab) (width 0.1))
    (pad 1 smd rect (at -0.65 -0.5 180) (size 0.6 0.5) (layers F.Cu F.Paste F.Mask)
      (net 6 "Net-(Q1-Pad1)"))
    (pad 2 smd rect (at -0.65 0.5 180) (size 0.6 0.5) (layers F.Cu F.Paste F.Mask)
      (net 2 +3V3))
    (pad 3 smd rect (at 0.65 0 180) (size 0.6 0.5) (layers F.Cu F.Paste F.Mask)
      (net 4 "Net-(C5-Pad1)"))
    (model ${KISYS3DMOD}/Package_TO_SOT_SMD.3dshapes/SOT-416.wrl
      (at (xyz 0 0 0))
      (scale (xyz 1 1 1))
      (rotate (xyz 0 0 0))
    )
  )

  (module folivora:ADNS-9800 (layer F.Cu) (tedit 5BA74DD7) (tstamp 5C7D85AA)
    (at 6.35 4.953 90)
    (path /5C7135B9)
    (fp_text reference U1 (at 0 15.74 90) (layer F.SilkS)
      (effects (font (size 1 1) (thickness 0.15)))
    )
    (fp_text value ADNS-9800 (at 0 14.74 90) (layer F.Fab)
      (effects (font (size 1 1) (thickness 0.15)))
    )
    (fp_line (start -0.762 -1.7) (end 12.954 -1.7) (layer F.SilkS) (width 0.15))
    (fp_line (start -0.762 -10.9) (end 12.954 -10.9) (layer F.SilkS) (width 0.15))
    (fp_line (start -0.762 -10.9) (end -0.762 -1.7) (layer F.SilkS) (width 0.15))
    (fp_line (start 12.954 -10.9) (end 12.954 -1.7) (layer F.SilkS) (width 0.15))
    (fp_circle (center 5.02 -6.3) (end 5.528 -6.3) (layer F.SilkS) (width 0.15))
    (fp_line (start -1.57 0.9) (end -1.57 -13.5) (layer F.SilkS) (width 0.15))
    (fp_line (start -1.57 0.9) (end 14.016 0.9) (layer F.SilkS) (width 0.15))
    (fp_line (start -1.57 -13.5) (end 14.016 -13.5) (layer F.SilkS) (width 0.15))
    (fp_line (start 14.016 -13.5) (end 14.016 0.9) (layer F.SilkS) (width 0.15))
    (pad 1 thru_hole circle (at 0 0 90) (size 1.524 1.524) (drill 0.762) (layers *.Cu *.Mask)
      (net 4 "Net-(C5-Pad1)"))
    (pad 2 thru_hole circle (at 1.778 0 180) (size 1.524 1.524) (drill 0.762) (layers *.Cu *.Mask)
      (net 6 "Net-(Q1-Pad1)"))
    (pad 3 thru_hole circle (at 3.556 0 90) (size 1.524 1.524) (drill 0.762) (layers *.Cu *.Mask)
      (net 11 "Net-(J1-Pad2)"))
    (pad 4 thru_hole circle (at 5.334 0 90) (size 1.524 1.524) (drill 0.762) (layers *.Cu *.Mask)
      (net 10 "Net-(J1-Pad3)"))
    (pad 5 thru_hole circle (at 7.112 0 90) (size 1.524 1.524) (drill 0.762) (layers *.Cu *.Mask)
      (net 9 "Net-(J1-Pad4)"))
    (pad 6 thru_hole circle (at 8.89 0 90) (size 1.524 1.524) (drill 0.762) (layers *.Cu *.Mask)
      (net 8 "Net-(J1-Pad5)"))
    (pad 7 thru_hole circle (at 10.668 0 90) (size 1.524 1.524) (drill 0.762) (layers *.Cu *.Mask)
      (net 7 "Net-(J1-Pad6)"))
    (pad 8 thru_hole circle (at 12.446 0 90) (size 1.524 1.524) (drill 0.762) (layers *.Cu *.Mask)
      (net 3 "Net-(C5-Pad2)"))
    (pad 9 thru_hole circle (at 12.446 -12.6 90) (size 1.524 1.524) (drill 0.762) (layers *.Cu *.Mask)
      (net 2 +3V3))
    (pad 10 thru_hole circle (at 10.668 -12.6 90) (size 1.524 1.524) (drill 0.762) (layers *.Cu *.Mask)
      (net 2 +3V3))
    (pad 11 thru_hole circle (at 8.89 -12.6 90) (size 1.524 1.524) (drill 0.762) (layers *.Cu *.Mask)
      (net 1 GND))
    (pad 12 thru_hole circle (at 7.112 -12.6 90) (size 1.524 1.524) (drill 0.762) (layers *.Cu *.Mask)
      (net 2 +3V3))
    (pad 13 thru_hole circle (at 5.334 -12.6 90) (size 1.524 1.524) (drill 0.762) (layers *.Cu *.Mask)
      (net 5 "Net-(C6-Pad1)"))
    (pad 14 thru_hole circle (at 3.556 -12.6 90) (size 1.524 1.524) (drill 0.762) (layers *.Cu *.Mask)
      (net 1 GND))
    (pad 15 thru_hole circle (at 1.778 -12.6 90) (size 1.524 1.524) (drill 0.762) (layers *.Cu *.Mask)
      (net 2 +3V3))
    (pad 16 thru_hole circle (at 0 -12.6 90) (size 1.524 1.524) (drill 0.762) (layers *.Cu *.Mask)
      (net 3 "Net-(C5-Pad2)"))
  )

  (module Connector_JST:JST_XH_S07B-XH-A_1x07_P2.50mm_Horizontal (layer F.Cu) (tedit 5B775209) (tstamp 5C7D87B3)
    (at 12.065 21.59 90)
    (descr "JST XH series connector, S07B-XH-A (http://www.jst-mfg.com/product/pdf/eng/eXH.pdf), generated with kicad-footprint-generator")
    (tags "connector JST XH top entry")
    (path /5C735701)
    (fp_text reference J1 (at 7.5 -3.5 90) (layer F.SilkS)
      (effects (font (size 1 1) (thickness 0.15)))
    )
    (fp_text value INTERFACE (at 7.5 10.4 90) (layer F.Fab)
      (effects (font (size 1 1) (thickness 0.15)))
    )
    (fp_line (start -2.95 -2.8) (end -2.95 9.7) (layer F.CrtYd) (width 0.05))
    (fp_line (start -2.95 9.7) (end 17.95 9.7) (layer F.CrtYd) (width 0.05))
    (fp_line (start 17.95 9.7) (end 17.95 -2.8) (layer F.CrtYd) (width 0.05))
    (fp_line (start 17.95 -2.8) (end -2.95 -2.8) (layer F.CrtYd) (width 0.05))
    (fp_line (start 7.5 9.31) (end -2.56 9.31) (layer F.SilkS) (width 0.12))
    (fp_line (start -2.56 9.31) (end -2.56 -2.41) (layer F.SilkS) (width 0.12))
    (fp_line (start -2.56 -2.41) (end -1.14 -2.41) (layer F.SilkS) (width 0.12))
    (fp_line (start -1.14 -2.41) (end -1.14 2.09) (layer F.SilkS) (width 0.12))
    (fp_line (start -1.14 2.09) (end 7.5 2.09) (layer F.SilkS) (width 0.12))
    (fp_line (start 7.5 9.31) (end 17.56 9.31) (layer F.SilkS) (width 0.12))
    (fp_line (start 17.56 9.31) (end 17.56 -2.41) (layer F.SilkS) (width 0.12))
    (fp_line (start 17.56 -2.41) (end 16.14 -2.41) (layer F.SilkS) (width 0.12))
    (fp_line (start 16.14 -2.41) (end 16.14 2.09) (layer F.SilkS) (width 0.12))
    (fp_line (start 16.14 2.09) (end 7.5 2.09) (layer F.SilkS) (width 0.12))
    (fp_line (start 7.5 9.2) (end -2.45 9.2) (layer F.Fab) (width 0.1))
    (fp_line (start -2.45 9.2) (end -2.45 -2.3) (layer F.Fab) (width 0.1))
    (fp_line (start -2.45 -2.3) (end -1.25 -2.3) (layer F.Fab) (width 0.1))
    (fp_line (start -1.25 -2.3) (end -1.25 2.2) (layer F.Fab) (width 0.1))
    (fp_line (start -1.25 2.2) (end 7.5 2.2) (layer F.Fab) (width 0.1))
    (fp_line (start 7.5 9.2) (end 17.45 9.2) (layer F.Fab) (width 0.1))
    (fp_line (start 17.45 9.2) (end 17.45 -2.3) (layer F.Fab) (width 0.1))
    (fp_line (start 17.45 -2.3) (end 16.25 -2.3) (layer F.Fab) (width 0.1))
    (fp_line (start 16.25 -2.3) (end 16.25 2.2) (layer F.Fab) (width 0.1))
    (fp_line (start 16.25 2.2) (end 7.5 2.2) (layer F.Fab) (width 0.1))
    (fp_line (start -0.25 3.2) (end -0.25 8.7) (layer F.SilkS) (width 0.12))
    (fp_line (start -0.25 8.7) (end 0.25 8.7) (layer F.SilkS) (width 0.12))
    (fp_line (start 0.25 8.7) (end 0.25 3.2) (layer F.SilkS) (width 0.12))
    (fp_line (start 0.25 3.2) (end -0.25 3.2) (layer F.SilkS) (width 0.12))
    (fp_line (start 2.25 3.2) (end 2.25 8.7) (layer F.SilkS) (width 0.12))
    (fp_line (start 2.25 8.7) (end 2.75 8.7) (layer F.SilkS) (width 0.12))
    (fp_line (start 2.75 8.7) (end 2.75 3.2) (layer F.SilkS) (width 0.12))
    (fp_line (start 2.75 3.2) (end 2.25 3.2) (layer F.SilkS) (width 0.12))
    (fp_line (start 4.75 3.2) (end 4.75 8.7) (layer F.SilkS) (width 0.12))
    (fp_line (start 4.75 8.7) (end 5.25 8.7) (layer F.SilkS) (width 0.12))
    (fp_line (start 5.25 8.7) (end 5.25 3.2) (layer F.SilkS) (width 0.12))
    (fp_line (start 5.25 3.2) (end 4.75 3.2) (layer F.SilkS) (width 0.12))
    (fp_line (start 7.25 3.2) (end 7.25 8.7) (layer F.SilkS) (width 0.12))
    (fp_line (start 7.25 8.7) (end 7.75 8.7) (layer F.SilkS) (width 0.12))
    (fp_line (start 7.75 8.7) (end 7.75 3.2) (layer F.SilkS) (width 0.12))
    (fp_line (start 7.75 3.2) (end 7.25 3.2) (layer F.SilkS) (width 0.12))
    (fp_line (start 9.75 3.2) (end 9.75 8.7) (layer F.SilkS) (width 0.12))
    (fp_line (start 9.75 8.7) (end 10.25 8.7) (layer F.SilkS) (width 0.12))
    (fp_line (start 10.25 8.7) (end 10.25 3.2) (layer F.SilkS) (width 0.12))
    (fp_line (start 10.25 3.2) (end 9.75 3.2) (layer F.SilkS) (width 0.12))
    (fp_line (start 12.25 3.2) (end 12.25 8.7) (layer F.SilkS) (width 0.12))
    (fp_line (start 12.25 8.7) (end 12.75 8.7) (layer F.SilkS) (width 0.12))
    (fp_line (start 12.75 8.7) (end 12.75 3.2) (layer F.SilkS) (width 0.12))
    (fp_line (start 12.75 3.2) (end 12.25 3.2) (layer F.SilkS) (width 0.12))
    (fp_line (start 14.75 3.2) (end 14.75 8.7) (layer F.SilkS) (width 0.12))
    (fp_line (start 14.75 8.7) (end 15.25 8.7) (layer F.SilkS) (width 0.12))
    (fp_line (start 15.25 8.7) (end 15.25 3.2) (layer F.SilkS) (width 0.12))
    (fp_line (start 15.25 3.2) (end 14.75 3.2) (layer F.SilkS) (width 0.12))
    (fp_line (start 0 -1.5) (end -0.3 -2.1) (layer F.SilkS) (width 0.12))
    (fp_line (start -0.3 -2.1) (end 0.3 -2.1) (layer F.SilkS) (width 0.12))
    (fp_line (start 0.3 -2.1) (end 0 -1.5) (layer F.SilkS) (width 0.12))
    (fp_line (start -0.625 2.2) (end 0 1.2) (layer F.Fab) (width 0.1))
    (fp_line (start 0 1.2) (end 0.625 2.2) (layer F.Fab) (width 0.1))
    (fp_text user %R (at 7.5 3.45 90) (layer F.Fab)
      (effects (font (size 1 1) (thickness 0.15)))
    )
    (pad 1 thru_hole roundrect (at 0 0 90) (size 1.7 1.95) (drill 0.95) (layers *.Cu *.Mask) (roundrect_rratio 0.147059)
      (net 2 +3V3))
    (pad 2 thru_hole oval (at 2.5 0 90) (size 1.7 1.95) (drill 0.95) (layers *.Cu *.Mask)
      (net 11 "Net-(J1-Pad2)"))
    (pad 3 thru_hole oval (at 5 0 90) (size 1.7 1.95) (drill 0.95) (layers *.Cu *.Mask)
      (net 10 "Net-(J1-Pad3)"))
    (pad 4 thru_hole oval (at 7.5 0 90) (size 1.7 1.95) (drill 0.95) (layers *.Cu *.Mask)
      (net 9 "Net-(J1-Pad4)"))
    (pad 5 thru_hole oval (at 10 0 90) (size 1.7 1.95) (drill 0.95) (layers *.Cu *.Mask)
      (net 8 "Net-(J1-Pad5)"))
    (pad 6 thru_hole oval (at 12.5 0 90) (size 1.7 1.95) (drill 0.95) (layers *.Cu *.Mask)
      (net 7 "Net-(J1-Pad6)"))
    (pad 7 thru_hole oval (at 15 0 90) (size 1.7 1.95) (drill 0.95) (layers *.Cu *.Mask)
      (net 1 GND))
    (model ${KISYS3DMOD}/Connector_JST.3dshapes/JST_XH_S07B-XH-A_1x07_P2.50mm_Horizontal.wrl
      (at (xyz 0 0 0))
      (scale (xyz 1 1 1))
      (rotate (xyz 0 0 0))
    )
  )

  (module MountingHole:MountingHole_3.2mm_M3 (layer F.Cu) (tedit 56D1B4CB) (tstamp 5C714660)
    (at 20.95 0)
    (descr "Mounting Hole 3.2mm, no annular, M3")
    (tags "mounting hole 3.2mm no annular m3")
    (attr virtual)
    (fp_text reference REF** (at 0 -4.2) (layer F.SilkS)
      (effects (font (size 1 1) (thickness 0.15)))
    )
    (fp_text value MountingHole_3.2mm_M3 (at 0 4.2) (layer F.Fab)
      (effects (font (size 1 1) (thickness 0.15)))
    )
    (fp_circle (center 0 0) (end 3.45 0) (layer F.CrtYd) (width 0.05))
    (fp_circle (center 0 0) (end 3.2 0) (layer Cmts.User) (width 0.15))
    (fp_text user %R (at 0.3 0) (layer F.Fab)
      (effects (font (size 1 1) (thickness 0.15)))
    )
    (pad 1 np_thru_hole circle (at 0 0) (size 3.2 3.2) (drill 3.2) (layers *.Cu *.Mask))
  )

  (module MountingHole:MountingHole_3.2mm_M3 (layer F.Cu) (tedit 56D1B4CB) (tstamp 5C714690)
    (at 0 20.95)
    (descr "Mounting Hole 3.2mm, no annular, M3")
    (tags "mounting hole 3.2mm no annular m3")
    (attr virtual)
    (fp_text reference REF** (at 0 -4.2) (layer F.SilkS)
      (effects (font (size 1 1) (thickness 0.15)))
    )
    (fp_text value MountingHole_3.2mm_M3 (at 0 4.2) (layer F.Fab)
      (effects (font (size 1 1) (thickness 0.15)))
    )
    (fp_circle (center 0 0) (end 3.45 0) (layer F.CrtYd) (width 0.05))
    (fp_circle (center 0 0) (end 3.2 0) (layer Cmts.User) (width 0.15))
    (fp_text user %R (at 0.3 0) (layer F.Fab)
      (effects (font (size 1 1) (thickness 0.15)))
    )
    (pad 1 np_thru_hole circle (at 0 0) (size 3.2 3.2) (drill 3.2) (layers *.Cu *.Mask))
  )

  (module MountingHole:MountingHole_3.2mm_M3 (layer F.Cu) (tedit 56D1B4CB) (tstamp 5C714717)
    (at 0 -20.95)
    (descr "Mounting Hole 3.2mm, no annular, M3")
    (tags "mounting hole 3.2mm no annular m3")
    (attr virtual)
    (fp_text reference REF** (at 0 -4.2) (layer F.SilkS)
      (effects (font (size 1 1) (thickness 0.15)))
    )
    (fp_text value MountingHole_3.2mm_M3 (at 0 4.2) (layer F.Fab)
      (effects (font (size 1 1) (thickness 0.15)))
    )
    (fp_circle (center 0 0) (end 3.45 0) (layer F.CrtYd) (width 0.05))
    (fp_circle (center 0 0) (end 3.2 0) (layer Cmts.User) (width 0.15))
    (fp_text user %R (at 0.3 0) (layer F.Fab)
      (effects (font (size 1 1) (thickness 0.15)))
    )
    (pad 1 np_thru_hole circle (at 0 0) (size 3.2 3.2) (drill 3.2) (layers *.Cu *.Mask))
  )

  (module MountingHole:MountingHole_3.2mm_M3 (layer F.Cu) (tedit 56D1B4CB) (tstamp 5C714740)
    (at -20.95 0)
    (descr "Mounting Hole 3.2mm, no annular, M3")
    (tags "mounting hole 3.2mm no annular m3")
    (attr virtual)
    (fp_text reference REF** (at 0 -4.2) (layer F.SilkS)
      (effects (font (size 1 1) (thickness 0.15)))
    )
    (fp_text value MountingHole_3.2mm_M3 (at 0 4.2) (layer F.Fab)
      (effects (font (size 1 1) (thickness 0.15)))
    )
    (fp_circle (center 0 0) (end 3.45 0) (layer F.CrtYd) (width 0.05))
    (fp_circle (center 0 0) (end 3.2 0) (layer Cmts.User) (width 0.15))
    (fp_text user %R (at 0.3 0) (layer F.Fab)
      (effects (font (size 1 1) (thickness 0.15)))
    )
    (pad 1 np_thru_hole circle (at 0 0) (size 3.2 3.2) (drill 3.2) (layers *.Cu *.Mask))
  )

  (gr_line (start 21.59 3.81) (end 21.59 24.765) (layer Edge.Cuts) (width 0.15))
  (gr_line (start 21.59 3.81) (end 24.13 1.905) (layer Edge.Cuts) (width 0.15))
  (gr_line (start 24.13 -4.445) (end 24.13 1.905) (layer Edge.Cuts) (width 0.2))
  (gr_line (start 4.445 -24.13) (end 24.13 -4.445) (layer Edge.Cuts) (width 0.2))
  (gr_line (start -3.81 -24.13) (end 4.445 -24.13) (layer Edge.Cuts) (width 0.2))
  (gr_line (start -24.765 -3.175) (end -3.81 -24.13) (layer Edge.Cuts) (width 0.2))
  (gr_line (start -24.765 2.54) (end -24.765 -3.175) (layer Edge.Cuts) (width 0.2))
  (gr_line (start -2.54 24.765) (end -24.765 2.54) (layer Edge.Cuts) (width 0.2))
  (gr_line (start 21.59 24.765) (end -2.54 24.765) (layer Edge.Cuts) (width 0.2))
  (gr_line (start -4.572 -8.001) (end 4.699 -8.001) (layer Edge.Cuts) (width 0.15))
  (gr_line (start -4.572 5.715) (end -4.572 -8.001) (layer Edge.Cuts) (width 0.15))
  (gr_line (start 4.699 5.715) (end -4.572 5.715) (layer Edge.Cuts) (width 0.15))
  (gr_line (start 4.699 -8.001) (end 4.699 5.715) (layer Edge.Cuts) (width 0.15))

  (segment (start -10.1375 2.0575) (end -10.16 2.035) (width 0.25) (layer F.Cu) (net 1))
  (segment (start -8.255 2.0575) (end -10.1375 2.0575) (width 0.25) (layer F.Cu) (net 1))
  (segment (start -10.0525 7.1375) (end -10.16 7.245) (width 0.25) (layer F.Cu) (net 1))
  (segment (start -8.255 7.1375) (end -10.0525 7.1375) (width 0.25) (layer F.Cu) (net 1))
  (segment (start -9.5025 -5.845) (end -8.255 -4.5975) (width 0.25) (layer F.Cu) (net 1))
  (segment (start -10.16 -5.845) (end -9.5025 -5.845) (width 0.25) (layer F.Cu) (net 1))
  (segment (start -3.68 -10.1375) (end -4.2925 -9.525) (width 0.25) (layer F.Cu) (net 1))
  (segment (start -6.9105 -4.5975) (end -6.25 -3.937) (width 0.25) (layer F.Cu) (net 1))
  (segment (start -8.255 -4.5975) (end -6.9105 -4.5975) (width 0.25) (layer F.Cu) (net 1))
  (segment (start -6.9105 2.0575) (end -6.25 1.397) (width 0.25) (layer F.Cu) (net 1))
  (segment (start -8.255 2.0575) (end -6.9105 2.0575) (width 0.25) (layer F.Cu) (net 1))
  (via (at -8.382 -6.985) (size 0.8) (drill 0.4) (layers F.Cu B.Cu) (net 1))
  (segment (start -9.02 -6.985) (end -10.16 -5.845) (width 0.25) (layer F.Cu) (net 1))
  (segment (start -8.382 -6.985) (end -9.02 -6.985) (width 0.25) (layer F.Cu) (net 1))
  (via (at -8.509 3.302) (size 0.8) (drill 0.4) (layers F.Cu B.Cu) (net 1))
  (segment (start -8.382 -6.985) (end -8.382 3.175) (width 0.25) (layer B.Cu) (net 1))
  (segment (start -8.382 3.175) (end -8.509 3.302) (width 0.25) (layer B.Cu) (net 1))
  (segment (start -8.893 3.302) (end -10.16 2.035) (width 0.25) (layer F.Cu) (net 1))
  (segment (start -8.509 3.302) (end -8.893 3.302) (width 0.25) (layer F.Cu) (net 1))
  (segment (start -8.509 3.302) (end -8.509 8.128) (width 0.25) (layer B.Cu) (net 1))
  (via (at -8.763 8.382) (size 0.8) (drill 0.4) (layers F.Cu B.Cu) (net 1))
  (segment (start -8.509 8.128) (end -8.763 8.382) (width 0.25) (layer B.Cu) (net 1))
  (segment (start -9.023 8.382) (end -10.16 7.245) (width 0.25) (layer F.Cu) (net 1))
  (segment (start -8.763 8.382) (end -9.023 8.382) (width 0.25) (layer F.Cu) (net 1))
  (via (at -2.54 -8.89) (size 0.8) (drill 0.4) (layers F.Cu B.Cu) (net 1))
  (segment (start -8.382 -6.985) (end -6.477 -8.89) (width 0.25) (layer B.Cu) (net 1))
  (segment (start -6.477 -8.89) (end -2.54 -8.89) (width 0.25) (layer B.Cu) (net 1))
  (segment (start -3.68 -10.03) (end -3.68 -10.16) (width 0.25) (layer F.Cu) (net 1))
  (segment (start -2.54 -8.89) (end -3.68 -10.03) (width 0.25) (layer F.Cu) (net 1))
  (segment (start -3.68 -12.065) (end -3.68 -10.16) (width 0.25) (layer F.Cu) (net 1))
  (segment (start -3.68 -10.16) (end -3.68 -10.1375) (width 0.25) (layer F.Cu) (net 1))
  (segment (start 11.94 6.59) (end 12.065 6.59) (width 0.25) (layer B.Cu) (net 1))
  (segment (start 10.84 7.69) (end 11.94 6.59) (width 0.25) (layer B.Cu) (net 1))
  (segment (start 10.84 7.815) (end 10.84 7.69) (width 0.25) (layer B.Cu) (net 1))
  (segment (start 10.273 8.382) (end 10.84 7.815) (width 0.25) (layer B.Cu) (net 1))
  (segment (start -8.763 8.382) (end 10.273 8.382) (width 0.25) (layer B.Cu) (net 1))
  (segment (start -9.3725 4.445) (end -8.255 5.5625) (width 0.25) (layer F.Cu) (net 2))
  (segment (start -10.16 4.445) (end -9.3725 4.445) (width 0.25) (layer F.Cu) (net 2))
  (segment (start -10.1375 -3.0225) (end -10.16 -3.045) (width 0.25) (layer F.Cu) (net 2))
  (segment (start -8.255 -3.0225) (end -10.1375 -3.0225) (width 0.25) (layer F.Cu) (net 2))
  (segment (start -6.48 -10.1375) (end -5.8675 -9.525) (width 0.25) (layer F.Cu) (net 2))
  (segment (start -6.48 -12.065) (end -6.48 -10.1375) (width 0.25) (layer F.Cu) (net 2))
  (segment (start -7.1135 -3.0225) (end -6.25 -2.159) (width 0.25) (layer F.Cu) (net 2))
  (segment (start -8.255 -3.0225) (end -7.1135 -3.0225) (width 0.25) (layer F.Cu) (net 2))
  (segment (start -6.25 -5.715) (end -6.25 -7.493) (width 0.25) (layer F.Cu) (net 2))
  (segment (start -6.25 -9.1425) (end -5.8675 -9.525) (width 0.25) (layer F.Cu) (net 2))
  (segment (start -6.25 -7.493) (end -6.25 -9.1425) (width 0.25) (layer F.Cu) (net 2))
  (segment (start -11.36001 -7.18499) (end -7.17571 -11.36929) (width 0.25) (layer F.Cu) (net 2))
